50,12,12,0.11945113892560057
50,12,36,0.08796049876754262
50,12,60,0.08761872724394484
50,12,84,0.020264751038683207
50,12,108,0.01865282183714978
50,12,132,0.04355526948563455
50,12,156,0.12610383771780442
50,12,180,0.165336425384125
50,12,204,0.27107651304986813
50,12,228,0.36396700159417134
50,12,252,0.44429887180541006
50,12,276,0.49659187342668826
50,12,300,0.5478828722092589
50,12,324,0.582929222053999
50,12,348,0.7214111408266085
50,36,12,-0.008924165947684753
50,36,36,-0.013851162587439826
50,36,60,0.002241174608200301
50,36,84,-0.04015951246339118
50,36,108,-0.009501871397508632
50,36,132,0.007159434561242073
50,36,156,0.07702086978271547
50,36,180,0.12463790589156626
50,36,204,0.21489462977672327
50,36,228,0.26824916060538473
50,36,252,0.31423973599204513
50,36,276,0.3665328287029078
50,36,300,0.42116091617033447
50,36,324,0.49705854870622046
50,36,348,0.5411095854603567
50,60,12,-0.11793770777267698
50,60,36,-0.10214579705556412
50,60,60,-0.06962524957371138
50,60,84,-0.07533165812503984
50,60,108,-0.03151557283592132
50,60,132,-0.010959359929284623
50,60,156,0.060264105704183946
50,60,180,0.08890038381584792
50,60,204,0.13676079638871483
50,60,228,0.17022830980441417
50,60,252,0.19693745128159953
50,60,276,0.24652681269780416
50,60,300,0.2862197337345045
50,60,324,0.31394739237280417
50,60,348,0.36616910894693694
50,84,12,-0.29952150878481243
50,84,36,-0.2329544802688185
50,84,60,-0.1699868393773451
50,84,84,-0.14970662803332127
50,84,108,-0.09969140188813322
50,84,132,-0.03153169828475412
50,84,156,0.019083969465648776
50,84,180,0.051439549759679404
50,84,204,0.06780882532798493
50,84,228,0.09660725461889638
50,84,252,0.12697703628057333
50,84,276,0.07741919767702415
50,84,300,0.11063354405176273
50,84,324,0.1431835696492778
50,84,348,0.21384434403884234
50,108,12,-0.3350573548306026
50,108,36,-0.2485406827225436
50,108,60,-0.18017943417739177
50,108,84,-0.20057203545778612
50,108,108,-0.14563983267884587
50,108,132,-0.05533412242623548
50,108,156,-0.007736735936667322
50,108,180,0.015785848087256554
50,108,204,0.02858727669634531
50,108,228,0.018591017194872578
50,108,252,-0.05584972330133742
50,108,276,-0.020429299959041636
50,108,300,0.007355912984199242
50,108,324,0.04462791153842027
50,108,348,0.08859922271809506
50,132,12,-0.37484013942272154
50,132,36,-0.3030402880112276
50,132,60,-0.21374688961231333
50,132,84,-0.1462766777613541
50,132,108,-0.10163615148738944
50,132,132,-0.062003740489694315
50,132,156,-0.013538330993100492
50,132,180,0.002397232099187324
50,132,204,0.0006054123593132454
50,132,228,-0.05762733633054902
50,132,252,-0.10737666034414808
50,132,276,-0.1046589296848617
50,132,300,-0.10744519742055564
50,132,324,-0.07415077496469658
50,132,348,-0.011959356797923482
50,156,12,-0.2414029294725254
50,156,36,-0.19897075754977622
50,156,60,-0.16814765187444541
50,156,84,-0.11891249031972562
50,156,108,-0.08096137499682834
50,156,132,-0.060086377513872385
50,156,156,-0.03766689707861902
50,156,180,-0.0278855771794188
50,156,204,-0.08642983442403979
50,156,228,-0.1753314024525729
50,156,252,-0.17381703001804882
50,156,276,-0.1935481340251522
50,156,300,-0.1614446317930332
50,156,324,-0.11505455492923355
50,156,348,-0.08125344157580938
50,180,12,-0.18474710395005822
50,180,36,-0.14716126648705835
50,180,60,-0.11008548421202444
50,180,84,-0.080673004982425
50,180,108,-0.06611967345638813
50,180,132,-0.037438353724632945
50,180,156,-0.04458715009330845
50,180,180,-0.05719640919404161
50,180,204,-0.09777671421367949
50,180,228,-0.18206427533554378
50,180,252,-0.20499040039603078
50,180,276,-0.2118857010296128
50,180,300,-0.23433298591282983
50,180,324,-0.23532871933143462
50,180,348,-0.2439944520132884
50,204,12,0.00469128016042449
50,204,36,0.010017982035593991
50,204,60,-0.022632852389527558
50,204,84,-0.018957099138245004
50,204,108,-0.0170787973537207
50,204,132,-0.05421161347603064
50,204,156,-0.048444402917133866
50,204,180,-0.05567504508277281
50,204,204,-0.12849605792820895
50,204,228,-0.18201112802031902
50,204,252,-0.17190025551122806
50,204,276,-0.22033958609176388
50,204,300,-0.1981567505616752
50,204,324,-0.19054588009137607
50,204,348,-0.17022795472893718
50,228,12,0.1721561983548862
50,228,36,0.15027889915747117
50,228,60,0.07405674770443517
50,228,84,0.06672923912210639
50,228,108,0.04660608081728025
50,228,132,0.009042294657712946
50,228,156,-0.008933057048180537
50,228,180,-0.05192607762183735
50,228,204,-0.07258180064156483
50,228,228,-0.13032378915610288
50,228,252,-0.14744236685079998
50,228,276,-0.13490680045959746
50,228,300,-0.1759531818208357
50,228,324,-0.16140067919168366
50,228,348,-0.20796494504678775
50,252,12,0.33622958634458
50,252,36,0.2202893700759248
50,252,60,0.16366916822402475
50,252,84,0.11343548193807322
50,252,108,0.0925515652492031
50,252,132,0.040662989136902444
50,252,156,0.0016727076802507401
50,252,180,-0.012035439639715761
50,252,204,-0.04249776363412036
50,252,228,-0.06885798677323401
50,252,252,-0.04393097628489345
50,252,276,-0.08208282415859808
50,252,300,-0.048146614795121945
50,252,324,-0.10425378312942823
50,252,348,-0.17651378366782122
50,276,12,0.3965112368756259
50,276,36,0.3195040149550986
50,276,60,0.23892465563295562
50,276,84,0.17547548132774227
50,276,108,0.106888909982399
50,276,132,0.08705478931044858
50,276,156,0.023202454906177672
50,276,180,0.027561777306161828
50,276,204,-0.011272391826900374
50,276,228,0.018236291542873484
50,276,252,0.015210556571146838
50,276,276,0.010697361949206341
50,276,300,-0.0007323085516866001
50,276,324,-0.07061388788891687
50,276,348,-0.17343768561644946
50,300,12,0.41504319398537276
50,300,36,0.3587880382179417
50,300,60,0.32376172296444583
50,300,84,0.2533965974561869
50,300,108,0.16438574170193332
50,300,132,0.12874326969894972
50,300,156,0.09262286400971476
50,300,180,0.06394105564884162
50,300,204,0.06381781462950337
50,300,228,0.0587704692406123
50,300,252,0.12293580737774473
50,300,276,0.11724617885060518
50,300,300,0.09383203056769185
50,300,324,0.02695732698582498
50,300,348,-0.062083844421222834
50,324,12,0.4487580719280467
50,324,36,0.4432303710470624
50,324,60,0.37498959514136565
50,324,84,0.29770207335237747
50,324,108,0.2558868243366539
50,324,132,0.17669165293396222
50,324,156,0.18064611174276984
50,324,180,0.09518978643211445
50,324,204,0.13620941791229965
50,324,228,0.16412422066067484
50,324,252,0.15155093712563833
50,324,276,0.1508406349811065
50,324,300,0.1395399377613264
50,324,324,0.1502547376148231
50,324,348,0.03628993247088097
50,348,12,0.509246239633029
50,348,36,0.5001768465935568
50,348,60,0.4157648088236513
50,348,84,0.37355877644906277
50,348,108,0.31327231891498125
50,348,132,0.244485808753876
50,348,156,0.22228158209165655
50,348,180,0.14433380680245456
50,348,204,0.16067700700280887
50,348,228,0.18675409891657402
50,348,252,0.16803369465441625
50,348,276,0.1627210884705292
50,348,300,0.15325096664360127
50,348,324,0.1704206430854718
50,348,348,0.11356102914095423
150,12,12,0.3936836153439969
150,12,36,0.3539030556217553
150,12,60,0.3134113175461607
150,12,84,0.2069568780178341
150,12,108,0.1903975796029339
150,12,132,0.10886348023571349
150,12,156,0.10825763831544175
150,12,180,0.12251705837755884
150,12,204,0.19234179300547308
150,12,228,0.28962754626115744
150,12,252,0.33641892905912574
150,12,276,0.4693682290418204
150,12,300,0.5706110107918585
150,12,324,0.6861223832519706
150,12,348,0.7449388737333033
150,36,12,0.251575941943654
150,36,36,0.23586062920766432
150,36,60,0.1922117359000645
150,36,84,0.10517362893649085
150,36,108,0.04092672957902478
150,36,132,0.036736570843633146
150,36,156,0.036779951857765836
150,36,180,0.07632624946362836
150,36,204,0.13523058909878913
150,36,228,0.20167198525776428
150,36,252,0.28622702498475483
150,36,276,0.3587921259862654
150,36,300,0.468975318531983
150,36,324,0.5068723974585175
150,36,348,0.5568042420086949
150,60,12,0.1021836280974622
150,60,36,0.1000074049660616
150,60,60,0.04915449647305957
150,60,84,0.011813591745852572
150,60,108,-0.04472707551282988
150,60,132,-0.0276003200992226
150,60,156,-0.01456159584356162
150,60,180,0.03875578701502255
150,60,204,0.10786694161438598
150,60,228,0.15677397356656542
150,60,252,0.2275608342267324
150,60,276,0.2389500858883683
150,60,300,0.2991922030566783
150,60,324,0.35959294510320405
150,60,348,0.3876713642617642
150,84,12,-0.10251141049589395
150,84,36,-0.10740903826691368
150,84,60,-0.08739318379317294
150,84,84,-0.05254689305716082
150,84,108,-0.0829147694926702
150,84,132,-0.08075091803508105
150,84,156,-0.033737895232254636
150,84,180,0.007989121259289578
150,84,204,0.07587465019007592
150,84,228,0.10112491583182404
150,84,252,0.12558707044439243
150,84,276,0.1643320815813113
150,84,300,0.12725186736944505
150,84,324,0.1713144680714107
150,84,348,0.21273831505836271
150,108,12,-0.17579902488010687
150,108,36,-0.26287025783244095
150,108,60,-0.21917543094739303
150,108,84,-0.18734243888623842
150,108,108,-0.15381837136878637
150,108,132,-0.11165980196973066
150,108,156,-0.040233510764122654
150,108,180,-0.01619453995454831
150,108,204,0.027330600719282727
150,108,228,0.05856530115906575
150,108,252,0.03582786637414648
150,108,276,0.013640386659968973
150,108,300,-0.004740755094588156
150,108,324,-0.00016058363552551302
150,108,348,0.020353032708531837
150,132,12,-0.40196697047165897
150,132,36,-0.315672228902468
150,132,60,-0.2571979059388946
150,132,84,-0.19522717424840785
150,132,108,-0.17874601317948066
150,132,132,-0.10985326262866785
150,132,156,-0.04441088699050416
150,132,180,-0.004564732130074689
150,132,204,0.027161347521155316
150,132,228,-0.006008526742703496
150,132,252,-0.04570576198431989
150,132,276,-0.055730768658476926
150,132,300,-0.11817598176202365
150,132,324,-0.15200993769961146
150,132,348,-0.15890495332186538
150,156,12,-0.35859384216114176
150,156,36,-0.3754808265211278
150,156,60,-0.33703479236812595
150,156,84,-0.2347454968124706
150,156,108,-0.14518228059966923
150,156,132,-0.10382461781745184
150,156,156,-0.07210955838200775
150,156,180,-0.028390103486798157
150,156,204,-0.0567444008538249
150,156,228,-0.061355231271219224
150,156,252,-0.1294960715150373
150,156,276,-0.19363340040752344
150,156,300,-0.28389881434303144
150,156,324,-0.2729020249212276
150,156,348,-0.24895423287067792
150,180,12,-0.381160501916665
150,180,36,-0.33201630569796065
150,180,60,-0.2706099873577749
150,180,84,-0.190272193636611
150,180,108,-0.10682800610666043
150,180,132,-0.05595114420406508
150,180,156,-0.0017704780548622387
150,180,180,-0.059309204213010405
150,180,204,-0.02549669831455037
150,180,228,-0.09632360567164333
150,180,252,-0.16138569204679729
150,180,276,-0.22960965418104634
150,180,300,-0.2946710918239226
150,180,324,-0.345497766374826
150,180,348,-0.38591664739768017
150,204,12,-0.22112265026936567
150,204,36,-0.249924855390315
150,204,60,-0.21934172878205246
150,204,84,-0.12017337532724168
150,204,108,-0.08061392037074627
150,204,132,-0.04152565517090705
150,204,156,-0.057043433408114956
150,204,180,-0.03688337524300369
150,204,204,-0.08685314704125943
150,204,228,-0.12778342365856274
150,204,252,-0.1688506187369664
150,204,276,-0.27586830699508824
150,204,300,-0.36445296317368103
150,204,324,-0.3968296210587215
150,204,348,-0.3648273985051024
150,228,12,-0.07270897865138791
150,228,36,-0.12062676974246037
150,228,60,-0.0773624329352132
150,228,84,-0.016531160369381626
150,228,108,0.011576115363751666
150,228,132,0.00471187000127711
150,228,156,0.016685287430984158
150,228,180,-0.01865879980290011
150,228,204,-0.08417495832752
150,228,228,-0.11727031673417071
150,228,252,-0.1961376322195475
150,228,276,-0.20283808944454507
150,228,300,-0.2454433497536942
150,228,324,-0.3226010744909211
150,228,348,-0.38011078222651706
150,252,12,-0.009213799204820999
150,252,36,0.08173517163754726
150,252,60,0.09157665896147317
150,252,84,0.06431353014963954
150,252,108,0.07671886336195165
150,252,132,0.06070331939808246
150,252,156,0.03698293205231046
150,252,180,-0.018605715984823523
150,252,204,-0.04287681967760365
150,252,228,-0.11434450244599892
150,252,252,-0.13013010204808179
150,252,276,-0.14223871377922404
150,252,300,-0.15881605567462864
150,252,324,-0.19651702395596515
150,252,348,-0.2549923990609786
150,276,12,0.23899994844464992
150,276,36,0.18535324693047192
150,276,60,0.15113346134675176
150,276,84,0.16586868484179249
150,276,108,0.1358195887714635
150,276,132,0.09616319113214922
150,276,156,0.05699597554860114
150,276,180,-0.0033907990996204784
150,276,204,-0.04892446971680828
150,276,228,-0.0702078111086823
150,276,252,-0.04819641947180253
150,276,276,-0.05068371397910326
150,276,300,-0.051399030136657364
150,276,324,-0.08960632492054743
150,276,348,-0.1269230769230767
150,300,12,0.3827711400381938
150,300,36,0.39972853787467444
150,300,60,0.3154919693028969
150,300,84,0.242700440007473
150,300,108,0.2166715968651995
150,300,132,0.143294813365271
150,300,156,0.0672536349188313
150,300,180,0.01977336276674002
150,300,204,-0.03851806925135126
150,300,228,-0.014299473259859474
150,300,252,0.03132470475792585
150,300,276,0.03190390546310988
150,300,300,0.1463639463098953
150,300,324,0.1613984188479019
150,300,348,0.08839798011603528
150,324,12,0.5502306192845121
150,324,36,0.4677102933226302
150,324,60,0.4025194277653955
150,324,84,0.3361871520554786
150,324,108,0.2495991870775407
150,324,132,0.1782310709380548
150,324,156,0.12171886705056889
150,324,180,0.06469844885089004
150,324,204,0.015999421463696872
150,324,228,0.03152166178441391
150,324,252,0.05267654736161953
150,324,276,0.12432158071197333
150,324,300,0.25269055948086394
150,324,324,0.2809824353747596
150,324,348,0.2570057519630927
150,348,12,0.6018724472313551
150,348,36,0.5158341552255684
150,348,60,0.5040780184030091
150,348,84,0.41062067484022874
150,348,108,0.3075988294671155
150,348,132,0.22142399268305346
150,348,156,0.16965964741791645
150,348,180,0.08874254803202697
150,348,204,0.09719509918372211
150,348,228,0.10127658033420728
150,348,252,0.14040195268829853
150,348,276,0.1865543454846027
150,348,300,0.30944662314603144
150,348,324,0.3452460406356998
150,348,348,0.32870804959148825
250,12,12,0.598915777450955
250,12,36,0.5101593608622798
250,12,60,0.4259410961575968
250,12,84,0.2941363737837885
250,12,108,0.23917360644362112
250,12,132,0.14262738310318282
250,12,156,0.11847996534215355
250,12,180,0.11386122048630998
250,12,204,0.18348398184649264
250,12,228,0.26659311665127305
250,12,252,0.3269298014794608
250,12,276,0.46059688689521927
250,12,300,0.5688648707854496
250,12,324,0.6867461259407801
250,12,348,0.7473417791470157
250,36,12,0.3999296509471519
250,36,36,0.3401272737551767
250,36,60,0.2501973038965698
250,36,84,0.153999115044442
250,36,108,0.07095232976764862
250,36,132,0.050607616417867596
250,36,156,0.03334428592627131
250,36,180,0.06881063585097694
250,36,204,0.12870728185550423
250,36,228,0.19117406790184005
250,36,252,0.27895120678123575
250,36,276,0.3548080842971032
250,36,300,0.46823329657257723
250,36,324,0.5070138135191571
250,36,348,0.5599545236091952
250,60,12,0.217598993177845
250,60,36,0.15842157530332218
250,60,60,0.0839451161782925
250,60,84,0.028652620856124356
250,60,108,-0.03402906528943722
250,60,132,-0.021926464677328058
250,60,156,-0.01630396928024802
250,60,180,0.03364653053540578
250,60,204,0.10455869294100573
250,60,228,0.15125697558837592
250,60,252,0.2241219583880348
250,60,276,0.23836689135583317
250,60,300,0.2997120969251519
250,60,324,0.3597465674513761
250,60,348,0.3845288831039322
250,84,12,-0.015923994939817047
250,84,36,-0.05934590069675447
250,84,60,-0.06940804747879632
250,84,84,-0.042078369497560886
250,84,108,-0.0799664162359127
250,84,132,-0.08435757443509054
250,84,156,-0.03709868497038296
250,84,180,0.0015037723958494786
250,84,204,0.07313643034905237
250,84,228,0.09821740980661031
250,84,252,0.12754515601832628
250,84,276,0.16662380080451838
250,84,300,0.13147865428297412
250,84,324,0.16972793785920232
250,84,348,0.21022306275375724
250,108,12,-0.13426143312973574
250,108,36,-0.23879997866002117
250,108,60,-0.20970106709905925
250,108,84,-0.1862198612014102
250,108,108,-0.15301486817626495
250,108,132,-0.11431857594711853
250,108,156,-0.04226669204335454
250,108,180,-0.019013124858681507
250,108,204,0.02548841691927828
250,108,228,0.05809289164204404
250,108,252,0.039453625341594134
250,108,276,0.020278072881519837
250,108,300,-0.0007125179485815702
250,108,324,-0.006056636602862209
250,108,348,0.00968063716286105
250,132,12,-0.3770943543113189
250,132,36,-0.31079890282582473
250,132,60,-0.25659962046587087
250,132,84,-0.20218967565615395
250,132,108,-0.18290322270894988
250,132,132,-0.11796445801561795
250,132,156,-0.04752427792764746
250,132,180,-0.008472076301731024
250,132,204,0.02577670444622482
250,132,228,-0.003496389708125658
250,132,252,-0.03428716226328632
250,132,276,-0.050391115358668276
250,132,300,-0.11074597855227913
250,132,324,-0.15532914909304335
250,132,348,-0.1697913834261367
250,156,12,-0.3643598174133853
250,156,36,-0.3915318791116391
250,156,60,-0.33953969692124575
250,156,84,-0.2418926856633724
250,156,108,-0.14623194988371785
250,156,132,-0.10713065280158349
250,156,156,-0.07625510799766494
250,156,180,-0.029367483578528183
250,156,204,-0.055987069021198425
250,156,228,-0.060611740593969426
250,156,252,-0.1160739507005924
250,156,276,-0.18736071431730372
250,156,300,-0.2793722889849691
250,156,324,-0.2812449464918725
250,156,348,-0.2563969418288643
250,180,12,-0.4137282642267974
250,180,36,-0.35822033844059586
250,180,60,-0.28088498459350575
250,180,84,-0.20498859452920792
250,180,108,-0.11255290601881196
250,180,132,-0.06424660301804289
250,180,156,-0.003943286841652183
250,180,180,-0.05980968838820784
250,180,204,-0.025328534189599045
250,180,228,-0.09078420501447698
250,180,252,-0.1512332178791518
250,180,276,-0.22521965203155497
250,180,300,-0.2885040727325887
250,180,324,-0.34668762550768756
250,180,348,-0.3927036801772048
250,204,12,-0.2599099893209236
250,204,36,-0.277145695326228
250,204,60,-0.22365841841648226
250,204,84,-0.12850124433667282
250,204,108,-0.08053227278682579
250,204,132,-0.043591703943805835
250,204,156,-0.058460740228294755
250,204,180,-0.03687520471187551
250,204,204,-0.08506662564691028
250,204,228,-0.12704845032183604
250,204,252,-0.16143585655749298
250,204,276,-0.27335226708050847
250,204,300,-0.3624970816388932
250,204,324,-0.3993779551255065
250,204,348,-0.3654890890869887
250,228,12,-0.1431117308124765
250,228,36,-0.15411969414763307
250,228,60,-0.08959231183623165
250,228,84,-0.029184637291399862
250,228,108,0.007043898703913309
250,228,132,0.0009479212226420272
250,228,156,0.016438096697853594
250,228,180,-0.016670628055036246
250,228,204,-0.08289590935966444
250,228,228,-0.11488536883748268
250,228,252,-0.1931522096375094
250,228,276,-0.20193867676891408
250,228,300,-0.24675358181297768
250,228,324,-0.32273831589750046
250,228,348,-0.3777774041311439
250,252,12,-0.04635004794410282
250,252,36,0.054097333550477064
250,252,60,0.06931250168938036
250,252,84,0.042284225942310405
250,252,108,0.06597151399935289
250,252,132,0.05938763819375553
250,252,156,0.03872920250847517
250,252,180,-0.01528526106221667
250,252,204,-0.04177546048957495
250,252,228,-0.11336894827991761
250,252,252,-0.13693833370329617
250,252,276,-0.15140456150846204
250,252,300,-0.16634542786829265
250,252,324,-0.19364710827516762
250,252,348,-0.24482012419475319
250,276,12,0.20928518758642167
250,276,36,0.16653688849305023
250,276,60,0.1385595516921465
250,276,84,0.1591461656083304
250,276,108,0.13171787174655566
250,276,132,0.0960082578506089
250,276,156,0.0581935538081888
250,276,180,-0.0028320827900096823
250,276,204,-0.04832952364934584
250,276,228,-0.07052048723107845
250,276,252,-0.05787877541418712
250,276,276,-0.05753829910674643
250,276,300,-0.05896219249748891
250,276,324,-0.08746561608320502
250,276,348,-0.11679074290535385
250,300,12,0.37681661416471257
250,300,36,0.3921786266629965
250,300,60,0.3116263920289667
250,300,84,0.238169438589322
250,300,108,0.2158970121265109
250,300,132,0.1437193227814912
250,300,156,0.0676308678974119
250,300,180,0.02013379395968934
250,300,204,-0.038509369876484234
250,300,228,-0.01791855808859781
250,300,252,0.022542107831220154
250,300,276,0.02334306355376601
250,300,300,0.14003149266118692
250,300,324,0.16231387675239078
250,300,348,0.10332413825497544
250,324,12,0.5544380978258587
250,324,36,0.47109183358141116
250,324,60,0.4064365368994553
250,324,84,0.3366846462896782
250,324,108,0.2510260532709164
250,324,132,0.17759094485581184
250,324,156,0.12068858058789411
250,324,180,0.06462274380006011
250,324,204,0.01727644990014876
250,324,228,0.03231153068811354
250,324,252,0.05662436469043214
250,324,276,0.1263997047362356
250,324,300,0.25361023377351083
250,324,324,0.287169610530113
250,324,348,0.2703758731455934
250,348,12,0.6180813313537394
250,348,36,0.5308463606570601
250,348,60,0.5087846622226915
250,348,84,0.4138058654493006
250,348,108,0.3089923184647033
250,348,132,0.22078967869821764
250,348,156,0.16944036853253203
250,348,180,0.0891780945949156
250,348,204,0.10029697411707919
250,348,228,0.10710487504298905
250,348,252,0.15129502505864179
250,348,276,0.19642479072528107
250,348,300,0.32343988724701767
250,348,324,0.35991883033444877
250,348,348,0.348675776360121
350,12,12,0.5756627273133708
350,12,36,0.4846901825378314
350,12,60,0.39495916702537903
350,12,84,0.3051236057572912
350,12,108,0.2416364936796802
350,12,132,0.15559318782664797
350,12,156,0.12847023708445804
350,12,180,0.10674066063477283
350,12,204,0.17316928103825674
350,12,228,0.23492834023032844
350,12,252,0.30678620942854673
350,12,276,0.4148213829761785
350,12,300,0.4966733580564187
350,12,324,0.6106480658126388
350,12,348,0.6800734835488124
350,36,12,0.37561815163790274
350,36,36,0.308555110400333
350,36,60,0.21918008029550612
350,36,84,0.16235320451192012
350,36,108,0.09189625194092305
350,36,132,0.0594044270197949
350,36,156,0.04236886665948883
350,36,180,0.0642696225973367
350,36,204,0.11545843942400208
350,36,228,0.1652832401849168
350,36,252,0.25241022085037007
350,36,276,0.32439710126616894
350,36,300,0.4016003354194596
350,36,324,0.45124557913866303
350,36,348,0.5164951784928516
350,60,12,0.21011267071434356
350,60,36,0.13174509472405294
350,60,60,0.07926620360808634
350,60,84,0.02148540412627098
350,60,108,-0.01998196035235028
350,60,132,-0.01425234937833672
350,60,156,-0.005655789051259269
350,60,180,0.030689151093248657
350,60,204,0.09426820856502965
350,60,228,0.13209217798283857
350,60,252,0.19956815167395392
350,60,276,0.22135367689660812
350,60,300,0.2734545374636663
350,60,324,0.3212539110591497
350,60,348,0.3453880050374112
350,84,12,0.02607173129042375
350,84,36,-0.03568742964888381
350,84,60,-0.06709834139986194
350,84,84,-0.04335807598512181
350,84,108,-0.0743722006145971
350,84,132,-0.06919397278625747
350,84,156,-0.03655373778160795
350,84,180,0.001823994693491482
350,84,204,0.05537083713861318
350,84,228,0.08411084607463593
350,84,252,0.1142657637718203
350,84,276,0.15146771039564833
350,84,300,0.12186538448819523
350,84,324,0.15662700122593154
350,84,348,0.19880230105960883
350,108,12,-0.10612670144101678
350,108,36,-0.19700134527044322
350,108,60,-0.1893821668024316
350,108,84,-0.17863025576384212
350,108,108,-0.1419151751135983
350,108,132,-0.10850065607530224
350,108,156,-0.06048701612179458
350,108,180,-0.02060410953542846
350,108,204,0.012102506078275399
350,108,228,0.04081604819241724
350,108,252,0.00033959595940669107
350,108,276,0.009248408186569163
350,108,300,-0.011826849139720541
350,108,324,0.0038595567908184247
350,108,348,-0.0023737190936963803
350,132,12,-0.2927591188154565
350,132,36,-0.27315811274779483
350,132,60,-0.23319698994239946
350,132,84,-0.19349971358839563
350,132,108,-0.17635856583863774
350,132,132,-0.1176080399235212
350,132,156,-0.06319982745705466
350,132,180,-0.02205626239340841
350,132,204,0.01435764092169911
350,132,228,-0.011503067669952252
350,132,252,-0.04403005469372792
350,132,276,-0.054775230038753786
350,132,300,-0.09832837878253925
350,132,324,-0.15510117522401107
350,132,348,-0.16058621681492313
350,156,12,-0.291354837367297
350,156,36,-0.336766927350971
350,156,60,-0.2989953997765318
350,156,84,-0.22870274956887393
350,156,108,-0.15660436500630504
350,156,132,-0.11399610017565603
350,156,156,-0.07940058577969306
350,156,180,-0.030830955517676922
350,156,204,-0.05381362502451277
350,156,228,-0.05207768422794981
350,156,252,-0.10339316066710452
350,156,276,-0.16406766164433956
350,156,300,-0.2353689007499546
350,156,324,-0.23492019789724328
350,156,348,-0.23705911113773998
350,180,12,-0.3530393586847337
350,180,36,-0.32412310061500893
350,180,60,-0.24903448411760082
350,180,84,-0.20048283800697977
350,180,108,-0.13206363256684978
350,180,132,-0.10552260224883825
350,180,156,-0.05290849673202594
350,180,180,-0.06007369380997601
350,180,204,-0.06426977817296364
350,180,228,-0.11117357609750861
350,180,252,-0.14977902089782957
350,180,276,-0.21604443526574246
350,180,300,-0.2578660672410398
350,180,324,-0.31587539059902103
350,180,348,-0.36601193115175457
350,204,12,-0.22213462721139293
350,204,36,-0.23917460310406127
350,204,60,-0.2164803258447305
350,204,84,-0.1517552211273653
350,204,108,-0.11896262343105413
350,204,132,-0.05340894130477197
350,204,156,-0.060857975028411046
350,204,180,-0.03375100039587402
350,204,204,-0.08561740546187879
350,204,228,-0.12348044836544858
350,204,252,-0.1637548872459097
350,204,276,-0.24247852431022038
350,204,300,-0.3167915451106384
350,204,324,-0.3614028219948896
350,204,348,-0.32947834307131363
350,228,12,-0.13640338930274587
350,228,36,-0.15911123387819825
350,228,60,-0.0815589314084955
350,228,84,-0.044510510064882325
350,228,108,-0.018189840804493596
350,228,132,-0.020594237506373167
350,228,156,0.0036068313250840686
350,228,180,-0.02410088770470692
350,228,204,-0.0801971979656462
350,228,228,-0.12621790801052352
350,228,252,-0.18691814807792495
350,228,276,-0.19885313317804032
350,228,300,-0.21952269020591464
350,228,324,-0.2964275917581771
350,228,348,-0.33687845427259666
350,252,12,-0.027245770205702936
350,252,36,0.028682183300859504
350,252,60,0.04728647450834729
350,252,84,0.017928223964707224
350,252,108,0.007692832087655941
350,252,132,0.05610824114483523
350,252,156,0.026341883126256654
350,252,180,-0.032042424892664845
350,252,204,-0.041670243070657254
350,252,228,-0.11088113691010698
350,252,252,-0.14981510715135243
350,252,276,-0.16375433477813828
350,252,300,-0.14751266690018394
350,252,324,-0.17003685721789208
350,252,348,-0.2025588124362021
350,276,12,0.17261696744548372
350,276,36,0.1395103159342672
350,276,60,0.12728544258645083
350,276,84,0.1515200344584092
350,276,108,0.12239853799352574
350,276,132,0.08252523604231465
350,276,156,0.04231919083715163
350,276,180,0.0013854583929738817
350,276,204,-0.0462388814585607
350,276,228,-0.07041900324964767
350,276,252,-0.06566751269268045
350,276,276,-0.04530897982049184
350,276,300,-0.05631841342854382
350,276,324,-0.07954658692006533
350,276,348,-0.09520853263803408
350,300,12,0.3161474361612454
350,300,36,0.34516112175858715
350,300,60,0.2808340943216977
350,300,84,0.22169706684442733
350,300,108,0.1952663437269488
350,300,132,0.1317457270273648
350,300,156,0.06105861151160802
350,300,180,0.024787004386209732
350,300,204,-0.02805564745841771
350,300,228,-0.004490883664476836
350,300,252,0.022151717470899723
350,300,276,0.02076483665461179
350,300,300,0.11307779629051391
350,300,324,0.14159481438644275
350,300,348,0.10183392837463712
350,324,12,0.48910353957992236
350,324,36,0.4207092942725438
350,324,60,0.3825547127635537
350,324,84,0.3167130641088347
350,324,108,0.23941118069600636
350,324,132,0.16314714740137637
350,324,156,0.11422032593298437
350,324,180,0.06393660307238713
350,324,204,0.02543749975034243
350,324,228,0.036827946109776785
350,324,252,0.06573969380902245
350,324,276,0.12319036527595356
350,324,300,0.2287874096674267
350,324,324,0.253592699032552
350,324,348,0.2559262633875691
350,348,12,0.5730901426375374
350,348,36,0.5024129261911316
350,348,60,0.471564819483483
350,348,84,0.39827412063693246
350,348,108,0.29813218234738587
350,348,132,0.2143061470350558
350,348,156,0.16687426187539028
350,348,180,0.08855092065166753
350,348,204,0.10605996387771671
350,348,228,0.11385625784721137
350,348,252,0.1622517094339122
350,348,276,0.19997238392390082
350,348,300,0.30910964211807856
350,348,324,0.3427062285801357
350,348,348,0.3456812606182401
450,12,12,0.5049341811436898
450,12,36,0.42837791821924853
450,12,60,0.35086767570036737
450,12,84,0.2647210647589219
450,12,108,0.19670447574084454
450,12,132,0.1438647324185351
450,12,156,0.11489692136459735
450,12,180,0.08430379978791303
450,12,204,0.13571404715210933
450,12,228,0.17294882118795613
450,12,252,0.2531338213303857
450,12,276,0.3459756502371438
450,12,300,0.4342562743406191
450,12,324,0.5238109671387712
450,12,348,0.590314820514924
450,36,12,0.34343141965221885
450,36,36,0.28279280055834843
450,36,60,0.2063145905969834
450,36,84,0.12628629786783818
450,36,108,0.05568963643262592
450,36,132,0.041156405464732065
450,36,156,0.038670120571830814
450,36,180,0.05039913945624089
450,36,204,0.10097284267099532
450,36,228,0.13687633036028984
450,36,252,0.1875943930725859
450,36,276,0.2595654766032687
450,36,300,0.3408629809159989
450,36,324,0.38750399410603986
450,36,348,0.45400784748219236
450,60,12,0.20653574763249027
450,60,36,0.13550907974001855
450,60,60,0.05079289168634454
450,60,84,-0.015911208990682685
450,60,108,-0.04749935631142657
450,60,132,-0.04154671028147393
450,60,156,-0.026236791514030938
450,60,180,-0.0018161612799935112
450,60,204,0.06377943726605062
450,60,228,0.12318974013400463
450,60,252,0.13218219115049837
450,60,276,0.17357508308136183
450,60,300,0.20257177820358746
450,60,324,0.27824034438994827
450,60,348,0.30747694660293634
450,84,12,0.04301316633667415
450,84,36,-0.03138102624020267
450,84,60,-0.07477607588939271
450,84,84,-0.07018922831756323
450,84,108,-0.08504783579951099
450,84,132,-0.06676553810287505
450,84,156,-0.04131572902526476
450,84,180,-0.003806965985963695
450,84,204,0.02856832707699475
450,84,228,0.05803617695151286
450,84,252,0.0896874464115659
450,84,276,0.09500413518651618
450,84,300,0.08665908518149001
450,84,324,0.10718008744824381
450,84,348,0.16641793388184056
450,108,12,-0.08464704862500319
450,108,36,-0.15671096403283996
450,108,60,-0.174219984576614
450,108,84,-0.16364477740952493
450,108,108,-0.13747896382540606
450,108,132,-0.10131149152085839
450,108,156,-0.06076405282253494
450,108,180,-0.0338345708607834
450,108,204,-0.000806628142171667
450,108,228,0.007119935194312282
450,108,252,-0.0047252006604937835
450,108,276,0.007591198852941183
450,108,300,-0.02869615157124797
450,108,324,0.002539210207735426
450,108,348,-0.00870314246006898
450,132,12,-0.23711444846607682
450,132,36,-0.25203531572493054
450,132,60,-0.2286577854804125
450,132,84,-0.16261456889376746
450,132,108,-0.16021403036352672
450,132,132,-0.12772472016015474
450,132,156,-0.07724715362896134
450,132,180,-0.05752858366541297
450,132,204,-0.024670613065354147
450,132,228,-0.0251991465843859
450,132,252,-0.031188640190496622
450,132,276,-0.03902411759884325
450,132,300,-0.09852864330886996
450,132,324,-0.14698772032595256
450,132,348,-0.15753683843332802
450,156,12,-0.24046766347055357
450,156,36,-0.2549084980064355
450,156,60,-0.2593714516437834
450,156,84,-0.1897317738307686
450,156,108,-0.1225400162329083
450,156,132,-0.10224051083861388
450,156,156,-0.10086317210434584
450,156,180,-0.04900077510455747
450,156,204,-0.06356943707552372
450,156,228,-0.09080316991640354
450,156,252,-0.07181139826850552
450,156,276,-0.11858880388574361
450,156,300,-0.18204634138762082
450,156,324,-0.19015394480735448
450,156,348,-0.19882671541184155
450,180,12,-0.29843563883467056
450,180,36,-0.2642997558344833
450,180,60,-0.2273613538642162
450,180,84,-0.16478352998777476
450,180,108,-0.11357561291585655
450,180,132,-0.09840365080938482
450,180,156,-0.07435418800553377
450,180,180,-0.05751398787142899
450,180,204,-0.07272417461252323
450,180,228,-0.09024801018391992
450,180,252,-0.11102770642505846
450,180,276,-0.15399975581851877
450,180,300,-0.2307063561603651
450,180,324,-0.27285762859123247
450,180,348,-0.31385441404714703
450,204,12,-0.20124797978459882
450,204,36,-0.19390732113397596
450,204,60,-0.16748288407776563
450,204,84,-0.13111918227063696
450,204,108,-0.08687876046456271
450,204,132,-0.08651179778329934
450,204,156,-0.07400709340772754
450,204,180,-0.05002990008101746
450,204,204,-0.07361046434636595
450,204,228,-0.11036344302384354
450,204,252,-0.11495964427172839
450,204,276,-0.1952270062643009
450,204,300,-0.26082107446315733
450,204,324,-0.2642312284035757
450,204,348,-0.27672678768865344
450,228,12,-0.14683957811332776
450,228,36,-0.12512715659711682
450,228,60,-0.0701573711310352
450,228,84,-0.0569313039673502
450,228,108,-0.023902821061296056
450,228,132,-0.03640050824554651
450,228,156,-0.02419396889378639
450,228,180,-0.04869494043812789
450,228,204,-0.07438371013557094
450,228,228,-0.1188635356582893
450,228,252,-0.15930741650777802
450,228,276,-0.1541876504298311
450,228,300,-0.20857800884772293
450,228,324,-0.2619650349608974
450,228,348,-0.3135581270183674
450,252,12,-0.022168330356204156
450,252,36,0.008875447560576032
450,252,60,0.002556695930797729
450,252,84,0.023808054945579252
450,252,108,-0.006241897307763256
450,252,132,0.009035922625622805
450,252,156,-0.0022469375337197672
450,252,180,-0.03402661314883498
450,252,204,-0.05372028346525279
450,252,228,-0.11450929586405462
450,252,252,-0.11862255736951913
450,252,276,-0.15311727954322008
450,252,300,-0.13066890636681883
450,252,324,-0.14776385955786497
450,252,348,-0.160141631391838
450,276,12,0.1472628185926305
450,276,36,0.12363743211570306
450,276,60,0.10995105633101013
450,276,84,0.09843383518397315
450,276,108,0.07749051477950446
450,276,132,0.058705814610464035
450,276,156,0.027170892895153925
450,276,180,-0.004828371824547428
450,276,204,-0.04847463816659742
450,276,228,-0.07147714099627123
450,276,252,-0.07473813411163517
450,276,276,-0.060368315301324305
450,276,300,-0.06180955894500523
450,276,324,-0.05779783245704201
450,276,348,-0.04946250747656733
450,300,12,0.28297945884404735
450,300,36,0.29726780222451854
450,300,60,0.2313441789108635
450,300,84,0.18230140600994824
450,300,108,0.1406403768974077
450,300,132,0.11384436663411412
450,300,156,0.04705867847666756
450,300,180,3.313606540056302e-05
450,300,204,-0.027957355830347808
450,300,228,-0.02303741846364467
450,300,252,0.0006584305791707684
450,300,276,-0.001994203211093712
450,300,300,0.09146933655592701
450,300,324,0.1320221731465951
450,300,348,0.13008043741030761
450,324,12,0.42638998514931253
450,324,36,0.3691145877292449
450,324,60,0.3347797480960549
450,324,84,0.257466787532606
450,324,108,0.18725812273807205
450,324,132,0.13346855601276736
450,324,156,0.1141577127951015
450,324,180,0.046670612495066655
450,324,204,0.027531937656167016
450,324,228,0.022440597014836958
450,324,252,0.04039637474826201
450,324,276,0.1015615858364119
450,324,300,0.20279389027827785
450,324,324,0.2375910754934775
450,324,348,0.25030767911614005
450,348,12,0.5117459936040956
450,348,36,0.45447059618402824
450,348,60,0.4026257074155457
450,348,84,0.3437130956192397
450,348,108,0.2444968803940445
450,348,132,0.1707684919427992
450,348,156,0.1364280719094019
450,348,180,0.071351720673209
450,348,204,0.08193550789253155
450,348,228,0.06962479821956952
450,348,252,0.14468727583733365
450,348,276,0.18587728023580025
450,348,300,0.290461373984776
450,348,324,0.3210181105375791
450,348,348,0.33223170217903225
550,12,12,0.46676460250209795
550,12,36,0.391551837511067
550,12,60,0.31743585626659704
550,12,84,0.2351296181199681
550,12,108,0.192476833453479
550,12,132,0.14068430972170912
550,12,156,0.11514281545445829
550,12,180,0.0822577764445768
550,12,204,0.13373717077862413
550,12,228,0.16664979092459942
550,12,252,0.23445586565529108
550,12,276,0.3019143917927291
550,12,300,0.3663977005835721
550,12,324,0.4349884385845803
550,12,348,0.4740268015337086
550,36,12,0.3110310760223865
550,36,36,0.24843822485405806
550,36,60,0.17689845134729199
550,36,84,0.11748539995338617
550,36,108,0.0610989251879524
550,36,132,0.043088183127221104
550,36,156,0.04479267738620576
550,36,180,0.049258590273359854
550,36,204,0.09761047692398425
550,36,228,0.12423317646801141
550,36,252,0.1758281182734358
550,36,276,0.2341766700759006
550,36,300,0.2967161214913193
550,36,324,0.3212053932569383
550,36,348,0.36024375620606774
550,60,12,0.18237356401760602
550,60,36,0.11023178468062522
550,60,60,0.03718779049136789
550,60,84,-0.01250348404425869
550,60,108,-0.037146659698368584
550,60,132,-0.03288747141848563
550,60,156,-0.016649865235851713
550,60,180,0.0011013649951499005
550,60,204,0.05685435400907429
550,60,228,0.10575634403791218
550,60,252,0.11975278710482051
550,60,276,0.15394711881389905
550,60,300,0.18288780007890082
550,60,324,0.226264054934748
550,60,348,0.2401992522205543
550,84,12,0.029152690335100012
550,84,36,-0.025595768436280572
550,84,60,-0.0717238739548418
550,84,84,-0.0630033205038944
550,84,108,-0.0911200640564026
550,84,132,-0.06192116745882943
550,84,156,-0.041528709388474805
550,84,180,-0.0019388809808135732
550,84,204,0.013420596019671327
550,84,228,0.04426609938586917
550,84,252,0.07771889563653533
550,84,276,0.06756992631895115
550,84,300,0.07255410307247895
550,84,324,0.09613609995277514
550,84,348,0.12142598546375441
550,108,12,-0.057425956390208505
550,108,36,-0.13518033556358733
550,108,60,-0.1537237474928531
550,108,84,-0.1674592069131439
550,108,108,-0.12975899294622156
550,108,132,-0.10642174517438405
550,108,156,-0.06066283421124463
550,108,180,-0.03347446694827974
550,108,204,-0.006850084855524435
550,108,228,-0.016612394606322203
550,108,252,-0.017976279517042393
550,108,276,-0.0008224291399385741
550,108,300,-0.02347879793870869
550,108,324,0.008275530721444851
550,108,348,0.0056023599554297365
550,132,12,-0.19012369164552015
550,132,36,-0.2144136974051617
550,132,60,-0.2058128724041933
550,132,84,-0.15993374667458538
550,132,108,-0.1455779259549771
550,132,132,-0.12279483991590529
550,132,156,-0.07288867876430777
550,132,180,-0.05378826338040257
550,132,204,-0.03329164035556412
550,132,228,-0.03974803892561001
550,132,252,-0.04638903199286237
550,132,276,-0.04469229477799615
550,132,300,-0.08971337796333292
550,132,324,-0.11407199315129388
550,132,348,-0.11775731974465478
550,156,12,-0.1975667897724329
550,156,36,-0.2182941983427351
550,156,60,-0.2238454421654858
550,156,84,-0.18321539694504899
550,156,108,-0.12960199901283473
550,156,132,-0.11144606069288543
550,156,156,-0.10330375113756382
550,156,180,-0.05552192185868576
550,156,204,-0.07427786163091916
550,156,228,-0.10182228025862822
550,156,252,-0.0793193496871056
550,156,276,-0.11672430524905864
550,156,300,-0.1530526620351026
550,156,324,-0.15725886830733077
550,156,348,-0.1500320069474848
550,180,12,-0.2552874751985276
550,180,36,-0.22650475754696603
550,180,60,-0.19768031472084774
550,180,84,-0.1533817626865145
550,180,108,-0.13539609401447583
550,180,132,-0.09132890399436902
550,180,156,-0.09051704983675946
550,180,180,-0.06020368107959159
550,180,204,-0.09411323508909676
550,180,228,-0.10483894719277276
550,180,252,-0.1272820665088667
550,180,276,-0.15449722252540687
550,180,300,-0.20939636112562193
550,180,324,-0.22954751939916257
550,180,348,-0.24631895013050287
550,204,12,-0.16545684062294355
550,204,36,-0.16191295550419688
550,204,60,-0.14969218720029553
550,204,84,-0.11372146474256456
550,204,108,-0.1012538221174413
550,204,132,-0.08488238938391235
550,204,156,-0.08070131019356107
550,204,180,-0.057901857079763
550,204,204,-0.08876183579437524
550,204,228,-0.11518129096140367
550,204,252,-0.12555374878077835
550,204,276,-0.18698830985959075
550,204,300,-0.22294022224975157
550,204,324,-0.2178749180441033
550,204,348,-0.2090453510630647
550,228,12,-0.12737418905370396
550,228,36,-0.10740791267104388
550,228,60,-0.07045709050505797
550,228,84,-0.057768419717428854
550,228,108,-0.03364462052660455
550,228,132,-0.04462311649254293
550,228,156,-0.04473741024559127
550,228,180,-0.051344145661076146
550,228,204,-0.07800052433258503
550,228,228,-0.11714858636186898
550,228,252,-0.1448576076030671
550,228,276,-0.1510863257506246
550,228,300,-0.19050609738924712
550,228,324,-0.214991812744952
550,228,348,-0.23458373797614124
550,252,12,-0.009648813650606021
550,252,36,-0.00124849706787198
550,252,60,0.008811430279931799
550,252,84,0.01817296279994806
550,252,108,-0.016174779469921657
550,252,132,-0.008869329649395491
550,252,156,-0.004244106786195689
550,252,180,-0.030084400543366308
550,252,204,-0.053075938168997
550,252,228,-0.11207108060497822
550,252,252,-0.11567462432378534
550,252,276,-0.14314761917339922
550,252,300,-0.12142457004108348
550,252,324,-0.12022229132975826
550,252,348,-0.10818494097529524
550,276,12,0.10845574673825259
550,276,36,0.10944770209547576
550,276,60,0.10197801816697268
550,276,84,0.0784154448606299
550,276,108,0.06331873834113483
550,276,132,0.0507746292127767
550,276,156,0.021559594682278332
550,276,180,-0.0024970458255432204
550,276,204,-0.04235263335281625
550,276,228,-0.05338529645504378
550,276,252,-0.06706313681564005
550,276,276,-0.057358549450514405
550,276,300,-0.0663852312031237
550,276,324,-0.05187463004963294
550,276,348,-0.05169358693968473
550,300,12,0.23110236851142404
550,300,36,0.25211280443851675
550,300,60,0.20662304957465394
550,300,84,0.1627390837170789
550,300,108,0.125469087021036
550,300,132,0.10229027656497947
550,300,156,0.04165442389576274
550,300,180,0.003296138441933938
550,300,204,-0.019232495370806457
550,300,228,-0.019838765497445385
550,300,252,-0.000490090959613998
550,300,276,-0.00547375550408935
550,300,300,0.06812449739318685
550,300,324,0.09186299220624361
550,300,348,0.09621029937146564
550,324,12,0.34760792801028684
550,324,36,0.3067455338687081
550,324,60,0.28214822102266296
550,324,84,0.22875948035310714
550,324,108,0.16797681576952408
550,324,132,0.11959520341853236
550,324,156,0.10033985121456701
550,324,180,0.04666976786128771
550,324,204,0.0389200685661502
550,324,228,0.02622972070086647
550,324,252,0.04885963765098794
550,324,276,0.08831256940370322
550,324,300,0.15852965887290993
550,324,324,0.1850384956449652
550,324,348,0.18923836957484327
550,348,12,0.41114631616138286
550,348,36,0.3702839220198039
550,348,60,0.32968944525753263
550,348,84,0.275733997879242
550,348,108,0.2157564290385444
550,348,132,0.15208880362154553
550,348,156,0.12863257288020083
550,348,180,0.07134236555223539
550,348,204,0.09045413472869838
550,348,228,0.07899934288400959
550,348,252,0.13841605039810645
550,348,276,0.1551423287632438
550,348,300,0.23404512113629017
550,348,324,0.2566877416979523
550,348,348,0.25961257985344727
650,12,12,0.47769177034930155
650,12,36,0.39987138575836967
650,12,60,0.3224709178276862
650,12,84,0.23865410603537746
650,12,108,0.19559533136123994
650,12,132,0.1429589992221646
650,12,156,0.11610044552256822
650,12,180,0.0814118512944728
650,12,204,0.13275744628311847
650,12,228,0.16360389921167678
650,12,252,0.2330656390225625
650,12,276,0.29966305824790707
650,12,300,0.3661657716063037
650,12,324,0.43515757752223694
650,12,348,0.4746783921274866
650,36,12,0.3189276749651551
650,36,36,0.25286258687508373
650,36,60,0.17936801100476055
650,36,84,0.11938905078995254
650,36,108,0.06292051069279866
650,36,132,0.043735195974165905
650,36,156,0.045289286286697435
650,36,180,0.048787031998195396
650,36,204,0.09690478736350627
650,36,228,0.12306467426252587
650,36,252,0.17485681428943034
650,36,276,0.2334739268722808
650,36,300,0.29647019542468644
650,36,324,0.32136925546826106
650,36,348,0.36089007007351037
650,60,12,0.18746497040712756
650,60,36,0.11270134433809371
650,60,60,0.03809221853838865
650,60,84,-0.012375907124967084
650,60,108,-0.03670795593311174
650,60,132,-0.03263047275533838
650,60,156,-0.016718117195936633
650,60,180,0.0007429502859776504
650,60,204,0.05643141286439629
650,60,228,0.10541097948954176
650,60,252,0.1194035212680507
650,60,276,0.15377890261623356
650,60,300,0.18297848008037548
650,60,324,0.2259981612255256
650,60,348,0.23863947957598391
650,84,12,0.032654021573879845
650,84,36,-0.023693354719343418
650,84,60,-0.07161086482288165
650,84,84,-0.06260033789506012
650,84,108,-0.09096870919379006
650,84,132,-0.06185250669683329
650,84,156,-0.04187399163573788
650,84,180,-0.002191518395533665
650,84,204,0.01315693633100673
650,84,228,0.043995343397200626
650,84,252,0.07759750492780054
650,84,276,0.06789520810278465
650,84,300,0.07313020559311814
650,84,324,0.0957279384386246
650,84,348,0.1178066168421828
650,108,12,-0.05469347002913101
650,108,36,-0.1338573265878743
650,108,60,-0.15332548989214848
650,108,84,-0.16731924360400435
650,108,108,-0.1297257635850439
650,108,132,-0.10643635422285336
650,108,156,-0.06065226742254204
650,108,180,-0.033575353626137006
650,108,204,-0.006808025974811144
650,108,228,-0.01645857368434274
650,108,252,-0.017801858037616164
650,108,276,-0.00031973671161544814
650,108,300,-0.02308979926241176
650,108,324,0.007281347203616201
650,108,348,0.002899901839097996
650,132,12,-0.18775767180198835
650,132,36,-0.2137470655860405
650,132,60,-0.20563067883181244
650,132,84,-0.15993463459571688
650,132,108,-0.145711110809073
650,132,132,-0.12244688427918085
650,132,156,-0.07278669996177817
650,132,180,-0.05374822689364939
650,132,204,-0.03336402802866226
650,132,228,-0.039557715500126205
650,132,252,-0.04493300489750546
650,132,276,-0.043818380984785535
650,132,300,-0.08835835094873234
650,132,324,-0.11473284509215162
650,132,348,-0.12401317591632263
650,156,12,-0.19765054267175264
650,156,36,-0.21843859541570054
650,156,60,-0.2240986576905219
650,156,84,-0.18366484428530214
650,156,108,-0.1295536505829944
650,156,132,-0.11149263611517596
650,156,156,-0.10263508223394785
650,156,180,-0.05582084860126307
650,156,204,-0.07417767014061714
650,156,228,-0.10084160858697652
650,156,252,-0.07871671053939433
650,156,276,-0.11515943334031037
650,156,300,-0.15156412270133984
650,156,324,-0.15772351819543573
650,156,348,-0.1526636910404886
650,180,12,-0.25910960068739314
650,180,36,-0.22810467759552955
650,180,60,-0.1987643799309969
650,180,84,-0.15345962971058816
650,180,108,-0.13551119553552324
650,180,132,-0.09181601730989628
650,180,156,-0.09122068998265623
650,180,180,-0.06026074143242652
650,180,204,-0.09397263835067854
650,180,228,-0.1027291366067562
650,180,252,-0.12637501437081503
650,180,276,-0.15323776016989654
650,180,300,-0.20806464952256398
650,180,324,-0.2296974953092679
650,180,348,-0.24923821114251393
650,204,12,-0.1694655534550317
650,204,36,-0.16368492200345183
650,204,60,-0.15093030982820305
650,204,84,-0.11427349229672726
650,204,108,-0.0999678077211561
650,204,132,-0.08580825954180721
650,204,156,-0.0804855838027026
650,204,180,-0.05794511761924341
650,204,204,-0.08877091863486086
650,204,228,-0.11377384151889874
650,204,252,-0.12532627073122496
650,204,276,-0.18621970265474042
650,204,300,-0.22241046847079296
650,204,324,-0.21733366263727327
650,204,348,-0.2068580065711224
650,228,12,-0.13538659386297813
650,228,36,-0.11135714483893971
650,228,60,-0.07341074861777697
650,228,84,-0.058375126442605944
650,228,108,-0.03537329322588935
650,228,132,-0.044938295019863114
650,228,156,-0.04571898646308059
650,228,180,-0.05115151049639405
650,228,204,-0.07685229243928826
650,228,228,-0.11664782896686651
650,228,252,-0.14511577055802527
650,228,276,-0.15231994011592503
650,228,300,-0.19246254670182728
650,228,324,-0.2145824242547506
650,228,348,-0.22937621917700646
650,252,12,-0.014424750415604252
650,252,36,-0.004435721088507271
650,252,60,0.005930658852629398
650,252,84,0.015668223685637476
650,252,108,-0.016362180460275183
650,252,132,-0.010571518454089796
650,252,156,-0.004333889357912818
650,252,180,-0.029862769709929682
650,252,204,-0.05281631785770696
650,252,228,-0.1123763213568425
650,252,252,-0.118894478868103
650,252,276,-0.1475442832747748
650,252,300,-0.12615459569416565
650,252,324,-0.11815537817234237
650,252,348,-0.10075532068974705
650,276,12,0.10265046967339751
650,276,36,0.10607228949532288
650,276,60,0.09920785569953884
650,276,84,0.07614156622855828
650,276,108,0.06188333072322959
650,276,132,0.05023415887330768
650,276,156,0.021540569346097937
650,276,180,-0.002587023118604148
650,276,204,-0.042459639432367025
650,276,228,-0.05515312571659334
650,276,252,-0.07140487670295516
650,276,276,-0.05883545420921879
650,276,300,-0.06885476875532026
650,276,324,-0.04935568202052083
650,276,348,-0.041894065238752665
650,300,12,0.23048488454138114
650,300,36,0.24810979295042085
650,300,60,0.20324910632342236
650,300,84,0.16096362170770193
650,300,108,0.12419327443472059
650,300,132,0.10255297339704428
650,300,156,0.041823216115174644
650,300,180,0.002808482730353723
650,300,204,-0.019362248958862904
650,300,228,-0.021639684654101578
650,300,252,-0.005865853115391589
650,300,276,-0.008350720987184673
650,300,300,0.06396281733549447
650,300,324,0.09369328314302966
650,300,348,0.10835241481066478
650,324,12,0.3500355153510996
650,324,36,0.3089864972055021
650,324,60,0.28401069200039986
650,324,84,0.22904164861097082
650,324,108,0.1685694090386188
650,324,132,0.11954112252580162
650,324,156,0.10040583543985093
650,324,180,0.046755955848956116
650,324,204,0.040096958176080624
650,324,228,0.02748419430992223
650,324,252,0.05094418871043779
650,324,276,0.09084219579690728
650,324,300,0.16035994980969676
650,324,324,0.19238881149295026
650,324,348,0.20285461531442917
650,348,12,0.4208345361960932
650,348,36,0.37978551805049554
650,348,60,0.3339158893588116
650,348,84,0.27700193198672945
650,348,108,0.21740880855711425
650,348,132,0.15245753769844617
650,348,156,0.12922296054514318
650,348,180,0.07229697933970455
650,348,204,0.09402847834518105
650,348,228,0.08596704943732206
650,348,252,0.14642331638138006
650,348,276,0.16478509311114126
650,348,300,0.24584241868212042
650,348,324,0.27162236654036087
650,348,348,0.2799478835377897
750,12,12,0.44110792578304603
750,12,36,0.3697450495545161
750,12,60,0.29844351189858837
750,12,84,0.22772111619864532
750,12,108,0.18510750836870996
750,12,132,0.1444429814219368
750,12,156,0.11671720200036761
750,12,180,0.08083427765944082
750,12,204,0.1321004123214733
750,12,228,0.16148275043097976
750,12,252,0.21863093256686345
750,12,276,0.2715756122957275
750,12,300,0.339844773348701
750,12,324,0.4061420155163042
750,12,348,0.4462937178315672
750,36,12,0.2911112334521027
750,36,36,0.2307405535819892
750,36,60,0.1633646699644373
750,36,84,0.1110937078158902
750,36,108,0.06411062784522051
750,36,132,0.044124422570753614
750,36,156,0.045618676474223074
750,36,180,0.048465065418666936
750,36,204,0.09643889428658622
750,36,228,0.12223865949936297
750,36,252,0.17417019381251958
750,36,276,0.2240884350134451
750,36,300,0.2768092983595807
750,36,324,0.3022491806366161
750,36,348,0.3424008829518794
750,60,12,0.1664240711987393
750,60,36,0.09875997001120689
750,60,60,0.03319433684605372
750,60,84,-0.012398223625239985
750,60,108,-0.03642222948855839
750,60,132,-0.03247256837110056
750,60,156,-0.016763481247746348
750,60,180,0.0004972145136273864
750,60,204,0.05614303107108504
750,60,228,0.10516591494688754
750,60,252,0.11915404086926798
750,60,276,0.153661636535191
750,60,300,0.17747989109099788
750,60,324,0.2152696391213178
750,60,348,0.22375239124664026
750,84,12,0.0348368695034385
750,84,36,-0.022517823077080237
750,84,60,-0.07162914375030556
750,84,84,-0.06236838035469122
750,84,108,-0.09087022075178458
750,84,132,-0.061808070077843336
750,84,156,-0.042102750733885586
750,84,180,-0.0023605692097992126
750,84,204,0.012987339295130629
750,84,228,0.04382169074699099
750,84,252,0.07751468426454455
750,84,276,0.06811888846043371
750,84,300,0.07357225575710785
750,84,324,0.09538231074887973
750,84,348,0.10895944661336682
750,108,12,-0.04097601255392107
750,108,36,-0.13299565481598463
750,108,60,-0.1530661059130772
750,108,84,-0.16722816778379496
750,108,108,-0.12970447848502145
750,108,132,-0.10644598607048253
750,108,156,-0.06062145817991407
750,108,180,-0.033627731617026924
750,108,204,-0.006762588092640381
750,108,228,-0.01635590022366297
750,108,252,-0.017703947030774714
750,108,276,2.7714382839570673e-05
750,108,300,-0.022808058336109785
750,108,324,0.006443023623984898
750,108,348,0.00608594469933485
750,132,12,-0.16192657655042567
750,132,36,-0.19593539152712125
750,132,60,-0.19860127044701414
750,132,84,-0.15993807760584783
750,132,108,-0.14579846871238938
750,132,132,-0.12214747132276862
750,132,156,-0.07271760666352461
750,132,180,-0.05368913321266111
750,132,204,-0.033412959771978334
750,132,228,-0.0394730497314247
750,132,252,-0.043929068377177305
750,132,276,-0.04336049384734576
750,132,300,-0.07948352008727727
750,132,324,-0.1006184196593704
750,132,348,-0.11868324726810714
750,156,12,-0.17753285276980393
750,156,36,-0.2004965110001238
750,156,60,-0.20935883445634382
750,156,84,-0.17669005011513156
750,156,108,-0.1294709786282317
750,156,132,-0.11149142970516213
750,156,156,-0.10196753497877478
750,156,180,-0.05602609929307312
750,156,204,-0.07415307918354438
750,156,228,-0.1001713566708071
750,156,252,-0.07852039963086546
750,156,276,-0.10653150808604234
750,156,300,-0.13529398837721435
750,156,324,-0.14417288536811984
750,156,348,-0.14604207225008342
750,180,12,-0.23846303745727787
750,180,36,-0.21287190466520034
750,180,60,-0.18571235272631953
750,180,84,-0.1469339855105553
750,180,108,-0.12944150801531729
750,180,132,-0.092146771790444
750,180,156,-0.09170178247638036
750,180,180,-0.06029028174479885
750,180,204,-0.09387475335293263
750,180,228,-0.10121095423284532
750,180,252,-0.12581167898806814
750,180,276,-0.14448752684100746
750,180,300,-0.19163459346032974
750,180,324,-0.21559684292775877
750,180,348,-0.24132270990998952
750,204,12,-0.15245069241317188
750,204,36,-0.14860255619536322
750,204,60,-0.13779626711335052
750,204,84,-0.1078469015092369
750,204,108,-0.09888135841883902
750,204,132,-0.0864306560266378
750,204,156,-0.08018539280693512
750,204,180,-0.057975306792526195
750,204,204,-0.08895122111340081
750,204,228,-0.11280754245160363
750,204,252,-0.12526363341591895
750,204,276,-0.17769861831672223
750,204,300,-0.2072783532512426
750,204,324,-0.20267739072589774
750,204,348,-0.19516132833451602
750,228,12,-0.11758417058812544
750,228,36,-0.0970451663242687
750,228,60,-0.06794247018037752
750,228,84,-0.058534786341333585
750,228,108,-0.03652644962989626
750,228,132,-0.04501424211080106
750,228,156,-0.04639413448159545
750,228,180,-0.051042765933963896
750,228,204,-0.07599854385085303
750,228,228,-0.11630464480768382
750,228,252,-0.14530650741904905
750,228,276,-0.15316166178519736
750,228,300,-0.18632078277881614
750,228,324,-0.1993565613911315
750,228,348,-0.21049341022212475
750,252,12,-0.006840831351836798
750,252,36,-0.006525345373971684
750,252,60,0.003962301405389244
750,252,84,0.013961973424860434
750,252,108,-0.016287949247858244
750,252,132,-0.011755158141585453
750,252,156,-0.004370089863271642
750,252,180,-0.02969707231080232
750,252,204,-0.052626487755778634
750,252,228,-0.11260379703512008
750,252,252,-0.12117204389460687
750,252,276,-0.15098403064146526
750,252,300,-0.13011622372369183
750,252,324,-0.11641604955225149
750,252,348,-0.08738104294686704
750,276,12,0.09848316311020562
750,276,36,0.10357439170998509
750,276,60,0.09721247948939186
750,276,84,0.07456341857488519
750,276,108,0.0608798421178887
750,276,132,0.04988990319826567
750,276,156,0.02153813699495083
750,276,180,-0.0026537911305769546
750,276,204,-0.04253848983742739
750,276,228,-0.05645190369991368
750,276,252,-0.07480165389582144
750,276,276,-0.059861727740514695
750,276,300,-0.07077351247516858
750,276,324,-0.04703006753827769
750,276,348,-0.03287818149201252
750,300,12,0.2080091830369215
750,300,36,0.2265079939312581
750,300,60,0.19384677135784606
750,300,84,0.15953611937779583
750,300,108,0.12317510772826426
750,300,132,0.1027824551691528
750,300,156,0.04195461279608759
750,300,180,0.002381697293203977
750,300,204,-0.01946441052751985
750,300,228,-0.0231138435580633
750,300,252,-0.010368317076137445
750,300,276,-0.010625078786787368
750,300,300,0.06021755054537711
750,300,324,0.08945233098399247
750,300,348,0.10904156954549522
750,324,12,0.32657830483646627
750,324,36,0.2920727914797484
750,324,60,0.2727043401494432
750,324,84,0.22183400393271382
750,324,108,0.16905602731927283
750,324,132,0.11949323242922516
750,324,156,0.10045889059989782
750,324,180,0.046832317037755145
750,324,204,0.041087775053284176
750,324,228,0.02861356624619433
750,324,252,0.052690102266049144
750,324,276,0.09317512466516625
750,324,300,0.15406728856419205
750,324,324,0.18513427380322423
750,324,348,0.2043730924227006
750,348,12,0.40288041802557156
750,348,36,0.3683749046688539
750,348,60,0.32289872519577745
750,348,84,0.27207493509677144
750,348,108,0.21297107135504617
750,348,132,0.15277320861442711
750,348,156,0.1297398068589289
750,348,180,0.07314275200044978
750,348,204,0.09721434850800172
750,348,228,0.09264708205884156
750,348,252,0.14817823155127663
750,348,276,0.1681876449505897
750,348,300,0.2440536247107326
750,348,324,0.2720424112978988
750,348,348,0.28744852909875385
850,12,12,0.40909524015698595
850,12,36,0.3430990275437656
850,12,60,0.27725942339773973
850,12,84,0.20664250899076497
850,12,108,0.1647419124355137
850,12,132,0.12585101056913378
850,12,156,0.10747691212520225
850,12,180,0.08042585942513289
850,12,204,0.12081323911083569
850,12,228,0.13852007636224412
850,12,252,0.19370926164644886
850,12,276,0.24827096092637624
850,12,300,0.31425139765554533
850,12,324,0.37493188209977624
850,12,348,0.4094546798726936
850,36,12,0.26686933208540564
850,36,36,0.21130737233884123
850,36,60,0.14894729971285633
850,36,84,0.09533552408615723
850,36,108,0.04917747281364879
850,36,132,0.036487363702325276
850,36,156,0.03763373808614753
850,36,180,0.04823739397741453
850,36,204,0.08711355727005402
850,36,228,0.11350006559834525
850,36,252,0.1564286071371307
850,36,276,0.2074224387364591
850,36,300,0.26041881471251005
850,36,324,0.2810029997218453
850,36,348,0.3155257974947627
850,60,12,0.15947051276507962
850,60,36,0.08640285911759123
850,60,60,0.0242018092473045
850,60,84,-0.02285016558682676
850,60,108,-0.04290555718288133
850,60,132,-0.03707201591233697
850,60,156,-0.01679497433702168
850,60,180,0.0003229455044285734
850,60,204,0.05593929923714058
850,60,228,0.099883944482836
850,60,252,0.11260042266046943
850,60,276,0.14394167539021469
850,60,300,0.16967572319547247
850,60,324,0.20232311500749592
850,60,348,0.21175453474236278
850,84,12,0.03803783583752641
850,84,36,-0.021197061841734824
850,84,60,-0.06673386559895282
850,84,84,-0.06662042267346754
850,84,108,-0.09378634342999452
850,84,132,-0.06550058607591247
850,84,156,-0.04226121855777823
850,84,180,-0.002478466487472464
850,84,204,0.012874389663764862
850,84,228,0.0398869296050719
850,84,252,0.06895908753081204
850,84,276,0.07297830048385845
850,84,300,0.08049809231392471
850,84,324,0.09463700056121799
850,84,348,0.10777410954515734
850,108,12,-0.04147714275718602
850,108,36,-0.12256249288200415
850,108,60,-0.14371629593811153
850,108,84,-0.15355142181559966
850,108,108,-0.11530489011038095
850,108,132,-0.09780212335095226
850,108,156,-0.060584450644801724
850,108,180,-0.03365423084150965
850,108,204,-0.006719372826409664
850,108,228,-0.007196331566839798
850,108,252,-0.00354512226209977
850,108,276,0.013769137729889656
850,108,300,-0.00920141358994066
850,108,324,0.008767846385458649
850,108,348,0.0036694260177490418
850,132,12,-0.15427111852732853
850,132,36,-0.18036378597097125
850,132,60,-0.18656660495735466
850,132,84,-0.1464235060171991
850,132,108,-0.13514050310296366
850,132,132,-0.1147348577688197
850,132,156,-0.07266900830832934
850,132,180,-0.05362510405985538
850,132,204,-0.033447322616302205
850,132,228,-0.03226360713619918
850,132,252,-0.030939435263866097
850,132,276,-0.030259918494752347
850,132,300,-0.06491453843584188
850,132,324,-0.09179189297354545
850,132,348,-0.11868169373048332
850,156,12,-0.16074223842804705
850,156,36,-0.18469653981847306
850,156,60,-0.19547139457928414
850,156,84,-0.16379076341651766
850,156,108,-0.11852052424020428
850,156,132,-0.10142114379101277
850,156,156,-0.0947381454951175
850,156,180,-0.056171806068749386
850,156,204,-0.06760640861142608
850,156,228,-0.08811330616205329
850,156,252,-0.06801874703448152
850,156,276,-0.093146083952173
850,156,300,-0.12148070470062994
850,156,324,-0.13014872604104277
850,156,348,-0.13291380475795497
850,180,12,-0.220786342401839
850,180,36,-0.1992021965332193
850,180,60,-0.1735751025754052
850,180,84,-0.1354398783093435
850,180,108,-0.1186294488287195
850,180,132,-0.08222725559061125
850,180,156,-0.08577224747282128
850,180,180,-0.06030484498586265
850,180,204,-0.08550967870048798
850,180,228,-0.0896227525136489
850,180,252,-0.11317338468389823
850,180,276,-0.13236114173487032
850,180,300,-0.17778121819970544
850,180,324,-0.20137614644476676
850,180,348,-0.22526444808813093
850,204,12,-0.13786551388258297
850,204,36,-0.13505629266458463
850,204,60,-0.12585431150045526
850,204,84,-0.09588370665923715
850,204,108,-0.0875506257731462
850,204,132,-0.07751641100538946
850,204,156,-0.07194543007564264
850,204,180,-0.057996982920087835
850,204,204,-0.08348608995489465
850,204,228,-0.10189171896296645
850,204,252,-0.11488231645118274
850,204,276,-0.16414574276762037
850,204,300,-0.193589342048738
850,204,324,-0.18710234689878386
850,204,348,-0.17778493013389535
850,228,12,-0.11726567403140085
850,228,36,-0.09063223655123442
850,228,60,-0.05640670009288847
850,228,84,-0.045866503041138935
850,228,108,-0.025958161026091574
850,228,132,-0.03818717289452271
850,228,156,-0.04041767581477998
850,228,180,-0.05098472982412064
850,228,204,-0.07535664631297517
850,228,228,-0.10886629906368261
850,228,252,-0.1344731625138217
850,228,276,-0.1402746561810828
850,228,300,-0.17553856003191026
850,228,324,-0.18360513647373597
850,228,348,-0.19504247066317854
850,252,12,-0.013325692370549527
850,252,36,-0.008221684454507178
850,252,60,0.007086551190743272
850,252,84,0.02348516068679239
850,252,108,-0.005447787363119266
850,252,132,-0.004255815957882894
850,252,156,-0.004379027234117178
850,252,180,-0.029570933400618282
850,252,204,-0.052484516378115964
850,252,228,-0.10432107267607887
850,252,252,-0.10953687238937426
850,252,276,-0.14184993729544437
850,252,300,-0.12730809465984974
850,252,324,-0.109726504616667
850,252,348,-0.07914925613452573
850,276,12,0.09482841679916118
850,276,36,0.09976659648282186
850,276,60,0.09749704920819617
850,276,84,0.0769005485166852
850,276,108,0.06219247464152734
850,276,132,0.045221516016241387
850,276,156,0.021544346445773993
850,276,180,-0.0027039166170566564
850,276,204,-0.042597378817249454
850,276,228,-0.061903242575307174
850,276,252,-0.08161100454007147
850,276,276,-0.06728777000555486
850,276,300,-0.07362566589229677
850,276,324,-0.045626819711936495
850,276,348,-0.015852811934357947
850,300,12,0.19556124533680716
850,300,36,0.2093848279168618
850,300,60,0.18283384702602395
850,300,84,0.14828594364522146
850,300,108,0.11592623811524846
850,300,132,0.0974370558460626
850,300,156,0.04205692358181684
850,300,180,0.0020158167879729127
850,300,204,-0.019544668353929928
850,300,228,-0.030850204610483573
850,300,252,-0.023441541345370104
850,300,276,-0.024530557910277778
850,300,300,0.04481865494433512
850,300,324,0.07704312855554507
850,300,348,0.11574331902568286
850,324,12,0.3004189445928896
850,324,36,0.272664667377656
850,324,60,0.2589349888191641
850,324,84,0.2062696231249359
850,324,108,0.15341814079930444
850,324,132,0.11158187664873398
850,324,156,0.09291761708850604
850,324,180,0.04689848516978007
850,324,204,0.03396186148757968
850,324,228,0.021735811273593225
850,324,252,0.03975058977093418
850,324,276,0.0792148433113617
850,324,300,0.1396070759445105
850,324,324,0.17291516665683815
850,324,348,0.19499085876955355
850,348,12,0.374142333115469
850,348,36,0.3463880559002354
850,348,60,0.30366084687738265
850,348,84,0.2533492643369833
850,348,108,0.19372095531883365
850,348,132,0.13496983786339933
850,348,156,0.12013055278361809
850,348,180,0.0738756268804758
850,348,204,0.09160265551551912
850,348,228,0.08422684390972668
850,348,252,0.13622505662819528
850,348,276,0.15907071120364769
850,348,300,0.23318038794832502
850,348,324,0.2614303127494278
850,348,348,0.27866941091661
950,12,12,0.22539359584562246
950,12,36,0.19103304925189507
950,12,60,0.13596852429614484
950,12,84,0.11710826513294648
950,12,108,0.08417641799746609
950,12,132,0.0770404366895395
950,12,156,0.0576840073450244
950,12,180,0.0649581351499004
950,12,204,0.06853964124981984
950,12,228,0.07988936556130288
950,12,252,0.10019963613833383
950,12,276,0.14428561604818269
950,12,300,0.15554081522554497
950,12,324,0.2155508509179847
950,12,348,0.27546429503495834
950,36,12,0.13699330088514802
950,36,36,0.09904156205751821
950,36,60,0.06910968890147913
950,36,84,0.049735452266092106
950,36,108,0.024062389785785343
950,36,132,0.02842898846686008
950,36,156,0.008152344676091175
950,36,180,0.03777647345196769
950,36,204,0.044676557433016406
950,36,228,0.0821493122507499
950,36,252,0.09640952053949486
950,36,276,0.13347691559608849
950,36,300,0.14480747172614833
950,36,324,0.17439694851272602
950,36,348,0.2108118828821514
950,60,12,0.05768146144015501
950,60,36,0.029691919013081616
950,60,60,-0.011675355649384059
950,60,84,-0.01308524724737209
950,60,108,-0.02450089753264517
950,60,132,-0.01650192526632902
950,60,156,-0.018832500570641342
950,60,180,0.021337952693103235
950,60,204,0.03840617655118134
950,60,228,0.06663498960716624
950,60,252,0.08421091143209081
950,60,276,0.080056878112919
950,60,300,0.09985744020176335
950,60,324,0.1154302513885071
950,60,348,0.15333562822474645
950,84,12,0.009603806912511257
950,84,36,-0.018086614372120544
950,84,60,-0.0497020525729836
950,84,84,-0.043062546545887995
950,84,108,-0.050485171250141916
950,84,132,-0.03906103358069199
950,84,156,-0.020784727242230794
950,84,180,-0.0003300871704530195
950,84,204,0.028895851428532515
950,84,228,0.027995949193372616
950,84,252,0.03869852093686363
950,84,276,0.046659016201805154
950,84,300,0.03575124620653666
950,84,324,0.06230921877972512
950,84,348,0.07594916258595968
950,108,12,-0.048509419234414555
950,108,36,-0.0836891920243756
950,108,60,-0.09142479845727519
950,108,84,-0.07707318588765477
950,108,108,-0.08219038858620488
950,108,132,-0.05348416073985937
950,108,156,-0.037074910125161675
950,108,180,-0.007786119155444193
950,108,204,0.0015802783970337297
950,108,228,0.0032572737410853925
950,108,252,-0.0011835408674204448
950,108,276,-0.008652247253179951
950,108,300,-0.0044825120834924015
950,108,324,-0.020938222996402904
950,108,348,-0.01876584651277452
950,132,12,-0.06539709951815703
950,132,36,-0.09695063529625783
950,132,60,-0.10764832922204857
950,132,84,-0.10275412050733243
950,132,108,-0.07059629258384839
950,132,132,-0.0743406347512845
950,132,156,-0.03879368578880257
950,132,180,-0.025467657127469595
950,132,204,-0.007788808686248594
950,132,228,-0.025976988156315897
950,132,252,-0.037994329606308025
950,132,276,-0.04168678254051106
950,132,300,-0.04657036759205824
950,132,324,-0.05626442783345559
950,132,348,-0.07443880109109893
950,156,12,-0.060955130059735504
950,156,36,-0.12274300009549463
950,156,60,-0.11852320688488846
950,156,84,-0.08765195304694767
950,156,108,-0.0763452913015204
950,156,132,-0.06359544325256378
950,156,156,-0.025982462881167734
950,156,180,-0.03583059374521072
950,156,204,-0.02816735566482688
950,156,228,-0.045793936903255394
950,156,252,-0.06619489871900519
950,156,276,-0.07718609175996682
950,156,300,-0.09508069752193227
950,156,324,-0.12139889650362845
950,156,348,-0.11380692916437873
950,180,12,-0.09016133560278412
950,180,36,-0.09649627771488305
950,180,60,-0.0721259111320299
950,180,84,-0.07661606796574841
950,180,108,-0.046792256077459515
950,180,132,-0.039967633233745276
950,180,156,-0.01857638750880572
950,180,180,-0.05185007724987537
950,180,204,-0.042935298593138854
950,180,228,-0.07183109914829491
950,180,252,-0.08794908570577004
950,180,276,-0.10005203143913083
950,180,300,-0.09738200743699899
950,180,324,-0.12898972469943798
950,180,348,-0.16079799890032348
950,204,12,-0.05038310360543377
950,204,36,-0.07480366566505808
950,204,60,-0.0563001489849122
950,204,84,-0.03680974319080746
950,204,108,-0.026530298388738105
950,204,132,-0.018128751391735504
950,204,156,-0.020942208117997067
950,204,180,-0.042245966447052835
950,204,204,-0.051694664975765414
950,204,228,-0.0836232660169065
950,204,252,-0.09555663059373631
950,204,276,-0.10119217660027952
950,204,300,-0.12851692600489906
950,204,324,-0.15133153994905946
950,204,348,-0.14403487577222662
950,228,12,-0.03675427041968869
950,228,36,-0.01376467384949363
950,228,60,0.010833560582304995
950,228,84,-0.013136726377707214
950,228,108,0.003986654155159336
950,228,132,-0.011057466949351655
950,228,156,-0.009349075660008463
950,228,180,-0.036047697226860936
950,228,204,-0.04957000639943365
950,228,228,-0.0805407272394057
950,228,252,-0.07598018755194214
950,228,276,-0.09840507653183206
950,228,300,-0.08200111423662015
950,228,324,-0.10589473356346649
950,228,348,-0.13050209556387826
950,252,12,0.007993343290789209
950,252,36,0.024829204748762403
950,252,60,0.037440584043287956
950,252,84,0.033571649474170184
950,252,108,0.028962148778527833
950,252,132,0.007141950074560505
950,252,156,-0.0013558865259556407
950,252,180,-0.01826152560968941
950,252,204,-0.043278048064131436
950,252,228,-0.05049704316320702
950,252,252,-0.06805064686618467
950,252,276,-0.058235143986491295
950,252,300,-0.07216406400257086
950,252,324,-0.0551770122894574
950,252,348,-0.08370653638826425
950,276,12,0.063148728850743
950,276,36,0.07332815236182363
950,276,60,0.07044701476365285
950,276,84,0.0681795343905556
950,276,108,0.05268189810610534
950,276,132,0.030738020476516748
950,276,156,0.01575845379571289
950,276,180,0.004105439361341889
950,276,204,-0.01701948369574513
950,276,228,-0.030912327916282428
950,276,252,-0.0362109809006351
950,276,276,-0.0021703912367784933
950,276,300,-0.016360304117072372
950,276,324,-0.019151874174411887
950,276,348,-0.011841182576000642
950,300,12,0.10421989444370561
950,300,36,0.12912307997668482
950,300,60,0.1285492555105743
950,300,84,0.10047506101975963
950,300,108,0.09100592297296614
950,300,132,0.05516266736979836
950,300,156,0.02686790765245317
950,300,180,0.021783373897842656
950,300,204,-0.011582049377579978
950,300,228,0.0069243667590576236
950,300,252,-0.0008644797370940122
950,300,276,0.02369327835037377
950,300,300,0.038945399014810644
950,300,324,0.06941207839590391
950,300,348,0.07749437595525951
950,324,12,0.17832746426721272
950,324,36,0.18022492884147967
950,324,60,0.16991595187161543
950,324,84,0.1483918454758429
950,324,108,0.10590383557705774
950,324,132,0.08535987228408276
950,324,156,0.040402930767184875
950,324,180,0.03712419898354688
950,324,204,0.0144944830332
950,324,228,0.02810178517722621
950,324,252,0.05591488067778039
950,324,276,0.06881092805554079
950,324,300,0.10945912032507721
950,324,324,0.12272303447643335
950,324,348,0.14980512340143615
950,348,12,0.25868992849439876
950,348,36,0.24448045424015585
950,348,60,0.23022998863989041
950,348,84,0.1891647674751988
950,348,108,0.14749585232233692
950,348,132,0.11342483336079803
950,348,156,0.06668619445945334
950,348,180,0.06579626768400668
950,348,204,0.04578503871992487
950,348,228,0.06930843811103181
950,348,252,0.09956202464574682
950,348,276,0.12229338122497302
950,348,300,0.16866790768946904
950,348,324,0.21070877409125421
950,348,348,0.2375139710730279
1050,12,12,0.087701510535669
1050,12,36,0.05805344690447321
1050,12,60,0.0
1050,12,84,0.0
1050,12,108,0.0
1050,12,132,0.0
1050,12,156,0.0
1050,12,180,0.0
1050,12,204,0.0
1050,12,228,0.0
1050,12,252,0.0
1050,12,276,0.0
1050,12,300,0.0
1050,12,324,0.08879537469298476
1050,12,348,0.1418518244893422
1050,36,12,0.0654931261465254
1050,36,36,0.0
1050,36,60,0.0
1050,36,84,0.0
1050,36,108,0.0
1050,36,132,0.0
1050,36,156,0.0
1050,36,180,0.0
1050,36,204,0.0
1050,36,228,0.0
1050,36,252,0.0
1050,36,276,0.0
1050,36,300,0.0
1050,36,324,0.0
1050,36,348,0.10682538586179274
1050,60,12,0.0
1050,60,36,0.0
1050,60,60,0.0
1050,60,84,0.0
1050,60,108,0.0
1050,60,132,0.0
1050,60,156,0.0
1050,60,180,0.0
1050,60,204,0.0
1050,60,228,0.0
1050,60,252,0.0
1050,60,276,0.0
1050,60,300,0.0
1050,60,324,0.0
1050,60,348,0.0
1050,84,12,0.0
1050,84,36,0.0
1050,84,60,0.0
1050,84,84,0.0
1050,84,108,0.0
1050,84,132,0.0
1050,84,156,0.0
1050,84,180,0.0
1050,84,204,0.0
1050,84,228,0.0
1050,84,252,0.0
1050,84,276,0.0
1050,84,300,0.0
1050,84,324,0.0
1050,84,348,0.0
1050,108,12,0.0
1050,108,36,0.0
1050,108,60,0.0
1050,108,84,0.0
1050,108,108,0.0
1050,108,132,0.0
1050,108,156,0.0
1050,108,180,0.0
1050,108,204,0.0
1050,108,228,0.0
1050,108,252,0.0
1050,108,276,0.0
1050,108,300,0.0
1050,108,324,0.0
1050,108,348,0.0
1050,132,12,0.0
1050,132,36,0.0
1050,132,60,0.0
1050,132,84,0.0
1050,132,108,0.0
1050,132,132,0.0
1050,132,156,0.0
1050,132,180,0.0
1050,132,204,0.0
1050,132,228,0.0
1050,132,252,0.0
1050,132,276,0.0
1050,132,300,0.0
1050,132,324,0.0
1050,132,348,0.0
1050,156,12,0.0
1050,156,36,0.0
1050,156,60,0.0
1050,156,84,0.0
1050,156,108,0.0
1050,156,132,0.0
1050,156,156,0.0
1050,156,180,0.0
1050,156,204,0.0
1050,156,228,0.0
1050,156,252,0.0
1050,156,276,0.0
1050,156,300,0.0
1050,156,324,0.0
1050,156,348,0.0
1050,180,12,0.0
1050,180,36,0.0
1050,180,60,0.0
1050,180,84,0.0
1050,180,108,0.0
1050,180,132,0.0
1050,180,156,0.0
1050,180,180,0.0
1050,180,204,0.0
1050,180,228,0.0
1050,180,252,0.0
1050,180,276,0.0
1050,180,300,0.0
1050,180,324,0.0
1050,180,348,0.0
1050,204,12,0.0
1050,204,36,0.0
1050,204,60,0.0
1050,204,84,0.0
1050,204,108,0.0
1050,204,132,0.0
1050,204,156,0.0
1050,204,180,0.0
1050,204,204,0.0
1050,204,228,0.0
1050,204,252,0.0
1050,204,276,0.0
1050,204,300,0.0
1050,204,324,0.0
1050,204,348,0.0
1050,228,12,0.0
1050,228,36,0.0
1050,228,60,0.0
1050,228,84,0.0
1050,228,108,0.0
1050,228,132,0.0
1050,228,156,0.0
1050,228,180,0.0
1050,228,204,0.0
1050,228,228,0.0
1050,228,252,0.0
1050,228,276,0.0
1050,228,300,0.0
1050,228,324,0.0
1050,228,348,0.0
1050,252,12,0.0
1050,252,36,0.0
1050,252,60,0.0
1050,252,84,0.0
1050,252,108,0.0
1050,252,132,0.0
1050,252,156,0.0
1050,252,180,0.0
1050,252,204,0.0
1050,252,228,0.0
1050,252,252,0.0
1050,252,276,0.0
1050,252,300,0.0
1050,252,324,0.0
1050,252,348,0.0
1050,276,12,0.0
1050,276,36,0.0
1050,276,60,0.0
1050,276,84,0.0
1050,276,108,0.0
1050,276,132,0.0
1050,276,156,0.0
1050,276,180,0.0
1050,276,204,0.0
1050,276,228,0.0
1050,276,252,0.0
1050,276,276,0.0
1050,276,300,0.0
1050,276,324,0.0
1050,276,348,0.0
1050,300,12,0.0
1050,300,36,0.0
1050,300,60,0.0
1050,300,84,0.0
1050,300,108,0.0
1050,300,132,0.0
1050,300,156,0.0
1050,300,180,0.0
1050,300,204,0.0
1050,300,228,0.0
1050,300,252,0.0
1050,300,276,0.0
1050,300,300,0.0
1050,300,324,0.0
1050,300,348,0.0
1050,324,12,0.0984047598873195
1050,324,36,0.0
1050,324,60,0.0
1050,324,84,0.0
1050,324,108,0.0
1050,324,132,0.0
1050,324,156,0.0
1050,324,180,0.0
1050,324,204,0.0
1050,324,228,0.0
1050,324,252,0.0
1050,324,276,0.0
1050,324,300,0.0
1050,324,324,0.0
1050,324,348,0.09727774157320129
1050,348,12,0.14232178705742882
1050,348,36,0.10131438764910972
1050,348,60,0.0
1050,348,84,0.0
1050,348,108,0.0
1050,348,132,0.0
1050,348,156,0.0
1050,348,180,0.0
1050,348,204,0.0
1050,348,228,0.0
1050,348,252,0.0
1050,348,276,0.0
1050,348,300,0.0
1050,348,324,0.08647487721099784
1050,348,348,0.1394770116302919
1150,12,12,0.0
1150,12,36,0.0
1150,12,60,0.0
1150,12,84,0.0
1150,12,108,0.0
1150,12,132,0.0
1150,12,156,0.0
1150,12,180,0.0
1150,12,204,0.0
1150,12,228,0.0
1150,12,252,0.0
1150,12,276,0.0
1150,12,300,0.0
1150,12,324,0.0
1150,12,348,0.0
1150,36,12,0.0
1150,36,36,0.0
1150,36,60,0.0
1150,36,84,0.0
1150,36,108,0.0
1150,36,132,0.0
1150,36,156,0.0
1150,36,180,0.0
1150,36,204,0.0
1150,36,228,0.0
1150,36,252,0.0
1150,36,276,0.0
1150,36,300,0.0
1150,36,324,0.0
1150,36,348,0.0
1150,60,12,0.0
1150,60,36,0.0
1150,60,60,0.0
1150,60,84,0.0
1150,60,108,0.0
1150,60,132,0.0
1150,60,156,0.0
1150,60,180,0.0
1150,60,204,0.0
1150,60,228,0.0
1150,60,252,0.0
1150,60,276,0.0
1150,60,300,0.0
1150,60,324,0.0
1150,60,348,0.0
1150,84,12,0.0
1150,84,36,0.0
1150,84,60,0.0
1150,84,84,0.0
1150,84,108,0.0
1150,84,132,0.0
1150,84,156,0.0
1150,84,180,0.0
1150,84,204,0.0
1150,84,228,0.0
1150,84,252,0.0
1150,84,276,0.0
1150,84,300,0.0
1150,84,324,0.0
1150,84,348,0.0
1150,108,12,0.0
1150,108,36,0.0
1150,108,60,0.0
1150,108,84,0.0
1150,108,108,0.0
1150,108,132,0.0
1150,108,156,0.0
1150,108,180,0.0
1150,108,204,0.0
1150,108,228,0.0
1150,108,252,0.0
1150,108,276,0.0
1150,108,300,0.0
1150,108,324,0.0
1150,108,348,0.0
1150,132,12,0.0
1150,132,36,0.0
1150,132,60,0.0
1150,132,84,0.0
1150,132,108,0.0
1150,132,132,0.0
1150,132,156,0.0
1150,132,180,0.0
1150,132,204,0.0
1150,132,228,0.0
1150,132,252,0.0
1150,132,276,0.0
1150,132,300,0.0
1150,132,324,0.0
1150,132,348,0.0
1150,156,12,0.0
1150,156,36,0.0
1150,156,60,0.0
1150,156,84,0.0
1150,156,108,0.0
1150,156,132,0.0
1150,156,156,0.0
1150,156,180,0.0
1150,156,204,0.0
1150,156,228,0.0
1150,156,252,0.0
1150,156,276,0.0
1150,156,300,0.0
1150,156,324,0.0
1150,156,348,0.0
1150,180,12,0.0
1150,180,36,0.0
1150,180,60,0.0
1150,180,84,0.0
1150,180,108,0.0
1150,180,132,0.0
1150,180,156,0.0
1150,180,180,0.0
1150,180,204,0.0
1150,180,228,0.0
1150,180,252,0.0
1150,180,276,0.0
1150,180,300,0.0
1150,180,324,0.0
1150,180,348,0.0
1150,204,12,0.0
1150,204,36,0.0
1150,204,60,0.0
1150,204,84,0.0
1150,204,108,0.0
1150,204,132,0.0
1150,204,156,0.0
1150,204,180,0.0
1150,204,204,0.0
1150,204,228,0.0
1150,204,252,0.0
1150,204,276,0.0
1150,204,300,0.0
1150,204,324,0.0
1150,204,348,0.0
1150,228,12,0.0
1150,228,36,0.0
1150,228,60,0.0
1150,228,84,0.0
1150,228,108,0.0
1150,228,132,0.0
1150,228,156,0.0
1150,228,180,0.0
1150,228,204,0.0
1150,228,228,0.0
1150,228,252,0.0
1150,228,276,0.0
1150,228,300,0.0
1150,228,324,0.0
1150,228,348,0.0
1150,252,12,0.0
1150,252,36,0.0
1150,252,60,0.0
1150,252,84,0.0
1150,252,108,0.0
1150,252,132,0.0
1150,252,156,0.0
1150,252,180,0.0
1150,252,204,0.0
1150,252,228,0.0
1150,252,252,0.0
1150,252,276,0.0
1150,252,300,0.0
1150,252,324,0.0
1150,252,348,0.0
1150,276,12,0.0
1150,276,36,0.0
1150,276,60,0.0
1150,276,84,0.0
1150,276,108,0.0
1150,276,132,0.0
1150,276,156,0.0
1150,276,180,0.0
1150,276,204,0.0
1150,276,228,0.0
1150,276,252,0.0
1150,276,276,0.0
1150,276,300,0.0
1150,276,324,0.0
1150,276,348,0.0
1150,300,12,0.0
1150,300,36,0.0
1150,300,60,0.0
1150,300,84,0.0
1150,300,108,0.0
1150,300,132,0.0
1150,300,156,0.0
1150,300,180,0.0
1150,300,204,0.0
1150,300,228,0.0
1150,300,252,0.0
1150,300,276,0.0
1150,300,300,0.0
1150,300,324,0.0
1150,300,348,0.0
1150,324,12,0.0
1150,324,36,0.0
1150,324,60,0.0
1150,324,84,0.0
1150,324,108,0.0
1150,324,132,0.0
1150,324,156,0.0
1150,324,180,0.0
1150,324,204,0.0
1150,324,228,0.0
1150,324,252,0.0
1150,324,276,0.0
1150,324,300,0.0
1150,324,324,0.0
1150,324,348,0.0
1150,348,12,0.0
1150,348,36,0.0
1150,348,60,0.0
1150,348,84,0.0
1150,348,108,0.0
1150,348,132,0.0
1150,348,156,0.0
1150,348,180,0.0
1150,348,204,0.0
1150,348,228,0.0
1150,348,252,0.0
1150,348,276,0.0
1150,348,300,0.0
1150,348,324,0.0
1150,348,348,0.0
1250,12,12,0.0
1250,12,36,0.0
1250,12,60,0.0
1250,12,84,0.0
1250,12,108,0.0
1250,12,132,0.0
1250,12,156,0.0
1250,12,180,0.0
1250,12,204,0.0
1250,12,228,0.0
1250,12,252,0.0
1250,12,276,0.0
1250,12,300,0.0
1250,12,324,0.0
1250,12,348,0.0
1250,36,12,0.0
1250,36,36,0.0
1250,36,60,0.0
1250,36,84,0.0
1250,36,108,0.0
1250,36,132,0.0
1250,36,156,0.0
1250,36,180,0.0
1250,36,204,0.0
1250,36,228,0.0
1250,36,252,0.0
1250,36,276,0.0
1250,36,300,0.0
1250,36,324,0.0
1250,36,348,0.0
1250,60,12,0.0
1250,60,36,0.0
1250,60,60,0.0
1250,60,84,0.0
1250,60,108,0.0
1250,60,132,0.0
1250,60,156,0.0
1250,60,180,0.0
1250,60,204,0.0
1250,60,228,0.0
1250,60,252,0.0
1250,60,276,0.0
1250,60,300,0.0
1250,60,324,0.0
1250,60,348,0.0
1250,84,12,0.0
1250,84,36,0.0
1250,84,60,0.0
1250,84,84,0.0
1250,84,108,0.0
1250,84,132,0.0
1250,84,156,0.0
1250,84,180,0.0
1250,84,204,0.0
1250,84,228,0.0
1250,84,252,0.0
1250,84,276,0.0
1250,84,300,0.0
1250,84,324,0.0
1250,84,348,0.0
1250,108,12,0.0
1250,108,36,0.0
1250,108,60,0.0
1250,108,84,0.0
1250,108,108,0.0
1250,108,132,0.0
1250,108,156,0.0
1250,108,180,0.0
1250,108,204,0.0
1250,108,228,0.0
1250,108,252,0.0
1250,108,276,0.0
1250,108,300,0.0
1250,108,324,0.0
1250,108,348,0.0
1250,132,12,0.0
1250,132,36,0.0
1250,132,60,0.0
1250,132,84,0.0
1250,132,108,0.0
1250,132,132,0.0
1250,132,156,0.0
1250,132,180,0.0
1250,132,204,0.0
1250,132,228,0.0
1250,132,252,0.0
1250,132,276,0.0
1250,132,300,0.0
1250,132,324,0.0
1250,132,348,0.0
1250,156,12,0.0
1250,156,36,0.0
1250,156,60,0.0
1250,156,84,0.0
1250,156,108,0.0
1250,156,132,0.0
1250,156,156,0.0
1250,156,180,0.0
1250,156,204,0.0
1250,156,228,0.0
1250,156,252,0.0
1250,156,276,0.0
1250,156,300,0.0
1250,156,324,0.0
1250,156,348,0.0
1250,180,12,0.0
1250,180,36,0.0
1250,180,60,0.0
1250,180,84,0.0
1250,180,108,0.0
1250,180,132,0.0
1250,180,156,0.0
1250,180,180,0.0
1250,180,204,0.0
1250,180,228,0.0
1250,180,252,0.0
1250,180,276,0.0
1250,180,300,0.0
1250,180,324,0.0
1250,180,348,0.0
1250,204,12,0.0
1250,204,36,0.0
1250,204,60,0.0
1250,204,84,0.0
1250,204,108,0.0
1250,204,132,0.0
1250,204,156,0.0
1250,204,180,0.0
1250,204,204,0.0
1250,204,228,0.0
1250,204,252,0.0
1250,204,276,0.0
1250,204,300,0.0
1250,204,324,0.0
1250,204,348,0.0
1250,228,12,0.0
1250,228,36,0.0
1250,228,60,0.0
1250,228,84,0.0
1250,228,108,0.0
1250,228,132,0.0
1250,228,156,0.0
1250,228,180,0.0
1250,228,204,0.0
1250,228,228,0.0
1250,228,252,0.0
1250,228,276,0.0
1250,228,300,0.0
1250,228,324,0.0
1250,228,348,0.0
1250,252,12,0.0
1250,252,36,0.0
1250,252,60,0.0
1250,252,84,0.0
1250,252,108,0.0
1250,252,132,0.0
1250,252,156,0.0
1250,252,180,0.0
1250,252,204,0.0
1250,252,228,0.0
1250,252,252,0.0
1250,252,276,0.0
1250,252,300,0.0
1250,252,324,0.0
1250,252,348,0.0
1250,276,12,0.0
1250,276,36,0.0
1250,276,60,0.0
1250,276,84,0.0
1250,276,108,0.0
1250,276,132,0.0
1250,276,156,0.0
1250,276,180,0.0
1250,276,204,0.0
1250,276,228,0.0
1250,276,252,0.0
1250,276,276,0.0
1250,276,300,0.0
1250,276,324,0.0
1250,276,348,0.0
1250,300,12,0.0
1250,300,36,0.0
1250,300,60,0.0
1250,300,84,0.0
1250,300,108,0.0
1250,300,132,0.0
1250,300,156,0.0
1250,300,180,0.0
1250,300,204,0.0
1250,300,228,0.0
1250,300,252,0.0
1250,300,276,0.0
1250,300,300,0.0
1250,300,324,0.0
1250,300,348,0.0
1250,324,12,0.0
1250,324,36,0.0
1250,324,60,0.0
1250,324,84,0.0
1250,324,108,0.0
1250,324,132,0.0
1250,324,156,0.0
1250,324,180,0.0
1250,324,204,0.0
1250,324,228,0.0
1250,324,252,0.0
1250,324,276,0.0
1250,324,300,0.0
1250,324,324,0.0
1250,324,348,0.0
1250,348,12,0.0
1250,348,36,0.0
1250,348,60,0.0
1250,348,84,0.0
1250,348,108,0.0
1250,348,132,0.0
1250,348,156,0.0
1250,348,180,0.0
1250,348,204,0.0
1250,348,228,0.0
1250,348,252,0.0
1250,348,276,0.0
1250,348,300,0.0
1250,348,324,0.0
1250,348,348,0.0
1350,12,12,0.0
1350,12,36,0.0
1350,12,60,0.0
1350,12,84,0.0
1350,12,108,0.0
1350,12,132,0.0
1350,12,156,0.0
1350,12,180,0.0
1350,12,204,0.0
1350,12,228,0.0
1350,12,252,0.0
1350,12,276,0.0
1350,12,300,0.0
1350,12,324,0.0
1350,12,348,0.0
1350,36,12,0.0
1350,36,36,0.0
1350,36,60,0.0
1350,36,84,0.0
1350,36,108,0.0
1350,36,132,0.0
1350,36,156,0.0
1350,36,180,0.0
1350,36,204,0.0
1350,36,228,0.0
1350,36,252,0.0
1350,36,276,0.0
1350,36,300,0.0
1350,36,324,0.0
1350,36,348,0.0
1350,60,12,0.0
1350,60,36,0.0
1350,60,60,0.0
1350,60,84,0.0
1350,60,108,0.0
1350,60,132,0.0
1350,60,156,0.0
1350,60,180,0.0
1350,60,204,0.0
1350,60,228,0.0
1350,60,252,0.0
1350,60,276,0.0
1350,60,300,0.0
1350,60,324,0.0
1350,60,348,0.0
1350,84,12,0.0
1350,84,36,0.0
1350,84,60,0.0
1350,84,84,0.0
1350,84,108,0.0
1350,84,132,0.0
1350,84,156,0.0
1350,84,180,0.0
1350,84,204,0.0
1350,84,228,0.0
1350,84,252,0.0
1350,84,276,0.0
1350,84,300,0.0
1350,84,324,0.0
1350,84,348,0.0
1350,108,12,0.0
1350,108,36,0.0
1350,108,60,0.0
1350,108,84,0.0
1350,108,108,0.0
1350,108,132,0.0
1350,108,156,0.0
1350,108,180,0.0
1350,108,204,0.0
1350,108,228,0.0
1350,108,252,0.0
1350,108,276,0.0
1350,108,300,0.0
1350,108,324,0.0
1350,108,348,0.0
1350,132,12,0.0
1350,132,36,0.0
1350,132,60,0.0
1350,132,84,0.0
1350,132,108,0.0
1350,132,132,0.0
1350,132,156,0.0
1350,132,180,0.0
1350,132,204,0.0
1350,132,228,0.0
1350,132,252,0.0
1350,132,276,0.0
1350,132,300,0.0
1350,132,324,0.0
1350,132,348,0.0
1350,156,12,0.0
1350,156,36,0.0
1350,156,60,0.0
1350,156,84,0.0
1350,156,108,0.0
1350,156,132,0.0
1350,156,156,0.0
1350,156,180,0.0
1350,156,204,0.0
1350,156,228,0.0
1350,156,252,0.0
1350,156,276,0.0
1350,156,300,0.0
1350,156,324,0.0
1350,156,348,0.0
1350,180,12,0.0
1350,180,36,0.0
1350,180,60,0.0
1350,180,84,0.0
1350,180,108,0.0
1350,180,132,0.0
1350,180,156,0.0
1350,180,180,0.0
1350,180,204,0.0
1350,180,228,0.0
1350,180,252,0.0
1350,180,276,0.0
1350,180,300,0.0
1350,180,324,0.0
1350,180,348,0.0
1350,204,12,0.0
1350,204,36,0.0
1350,204,60,0.0
1350,204,84,0.0
1350,204,108,0.0
1350,204,132,0.0
1350,204,156,0.0
1350,204,180,0.0
1350,204,204,0.0
1350,204,228,0.0
1350,204,252,0.0
1350,204,276,0.0
1350,204,300,0.0
1350,204,324,0.0
1350,204,348,0.0
1350,228,12,0.0
1350,228,36,0.0
1350,228,60,0.0
1350,228,84,0.0
1350,228,108,0.0
1350,228,132,0.0
1350,228,156,0.0
1350,228,180,0.0
1350,228,204,0.0
1350,228,228,0.0
1350,228,252,0.0
1350,228,276,0.0
1350,228,300,0.0
1350,228,324,0.0
1350,228,348,0.0
1350,252,12,0.0
1350,252,36,0.0
1350,252,60,0.0
1350,252,84,0.0
1350,252,108,0.0
1350,252,132,0.0
1350,252,156,0.0
1350,252,180,0.0
1350,252,204,0.0
1350,252,228,0.0
1350,252,252,0.0
1350,252,276,0.0
1350,252,300,0.0
1350,252,324,0.0
1350,252,348,0.0
1350,276,12,0.0
1350,276,36,0.0
1350,276,60,0.0
1350,276,84,0.0
1350,276,108,0.0
1350,276,132,0.0
1350,276,156,0.0
1350,276,180,0.0
1350,276,204,0.0
1350,276,228,0.0
1350,276,252,0.0
1350,276,276,0.0
1350,276,300,0.0
1350,276,324,0.0
1350,276,348,0.0
1350,300,12,0.0
1350,300,36,0.0
1350,300,60,0.0
1350,300,84,0.0
1350,300,108,0.0
1350,300,132,0.0
1350,300,156,0.0
1350,300,180,0.0
1350,300,204,0.0
1350,300,228,0.0
1350,300,252,0.0
1350,300,276,0.0
1350,300,300,0.0
1350,300,324,0.0
1350,300,348,0.0
1350,324,12,0.0
1350,324,36,0.0
1350,324,60,0.0
1350,324,84,0.0
1350,324,108,0.0
1350,324,132,0.0
1350,324,156,0.0
1350,324,180,0.0
1350,324,204,0.0
1350,324,228,0.0
1350,324,252,0.0
1350,324,276,0.0
1350,324,300,0.0
1350,324,324,0.0
1350,324,348,0.0
1350,348,12,0.0
1350,348,36,0.0
1350,348,60,0.0
1350,348,84,0.0
1350,348,108,0.0
1350,348,132,0.0
1350,348,156,0.0
1350,348,180,0.0
1350,348,204,0.0
1350,348,228,0.0
1350,348,252,0.0
1350,348,276,0.0
1350,348,300,0.0
1350,348,324,0.0
1350,348,348,0.0
1450,12,12,0.0
1450,12,36,0.0
1450,12,60,0.0
1450,12,84,0.0
1450,12,108,0.0
1450,12,132,0.0
1450,12,156,0.0
1450,12,180,0.0
1450,12,204,0.0
1450,12,228,0.0
1450,12,252,0.0
1450,12,276,0.0
1450,12,300,0.0
1450,12,324,0.0
1450,12,348,0.0
1450,36,12,0.0
1450,36,36,0.0
1450,36,60,0.0
1450,36,84,0.0
1450,36,108,0.0
1450,36,132,0.0
1450,36,156,0.0
1450,36,180,0.0
1450,36,204,0.0
1450,36,228,0.0
1450,36,252,0.0
1450,36,276,0.0
1450,36,300,0.0
1450,36,324,0.0
1450,36,348,0.0
1450,60,12,0.0
1450,60,36,0.0
1450,60,60,0.0
1450,60,84,0.0
1450,60,108,0.0
1450,60,132,0.0
1450,60,156,0.0
1450,60,180,0.0
1450,60,204,0.0
1450,60,228,0.0
1450,60,252,0.0
1450,60,276,0.0
1450,60,300,0.0
1450,60,324,0.0
1450,60,348,0.0
1450,84,12,0.0
1450,84,36,0.0
1450,84,60,0.0
1450,84,84,0.0
1450,84,108,0.0
1450,84,132,0.0
1450,84,156,0.0
1450,84,180,0.0
1450,84,204,0.0
1450,84,228,0.0
1450,84,252,0.0
1450,84,276,0.0
1450,84,300,0.0
1450,84,324,0.0
1450,84,348,0.0
1450,108,12,0.0
1450,108,36,0.0
1450,108,60,0.0
1450,108,84,0.0
1450,108,108,0.0
1450,108,132,0.0
1450,108,156,0.0
1450,108,180,0.0
1450,108,204,0.0
1450,108,228,0.0
1450,108,252,0.0
1450,108,276,0.0
1450,108,300,0.0
1450,108,324,0.0
1450,108,348,0.0
1450,132,12,0.0
1450,132,36,0.0
1450,132,60,0.0
1450,132,84,0.0
1450,132,108,0.0
1450,132,132,0.0
1450,132,156,0.0
1450,132,180,0.0
1450,132,204,0.0
1450,132,228,0.0
1450,132,252,0.0
1450,132,276,0.0
1450,132,300,0.0
1450,132,324,0.0
1450,132,348,0.0
1450,156,12,0.0
1450,156,36,0.0
1450,156,60,0.0
1450,156,84,0.0
1450,156,108,0.0
1450,156,132,0.0
1450,156,156,0.0
1450,156,180,0.0
1450,156,204,0.0
1450,156,228,0.0
1450,156,252,0.0
1450,156,276,0.0
1450,156,300,0.0
1450,156,324,0.0
1450,156,348,0.0
1450,180,12,0.0
1450,180,36,0.0
1450,180,60,0.0
1450,180,84,0.0
1450,180,108,0.0
1450,180,132,0.0
1450,180,156,0.0
1450,180,180,0.0
1450,180,204,0.0
1450,180,228,0.0
1450,180,252,0.0
1450,180,276,0.0
1450,180,300,0.0
1450,180,324,0.0
1450,180,348,0.0
1450,204,12,0.0
1450,204,36,0.0
1450,204,60,0.0
1450,204,84,0.0
1450,204,108,0.0
1450,204,132,0.0
1450,204,156,0.0
1450,204,180,0.0
1450,204,204,0.0
1450,204,228,0.0
1450,204,252,0.0
1450,204,276,0.0
1450,204,300,0.0
1450,204,324,0.0
1450,204,348,0.0
1450,228,12,0.0
1450,228,36,0.0
1450,228,60,0.0
1450,228,84,0.0
1450,228,108,0.0
1450,228,132,0.0
1450,228,156,0.0
1450,228,180,0.0
1450,228,204,0.0
1450,228,228,0.0
1450,228,252,0.0
1450,228,276,0.0
1450,228,300,0.0
1450,228,324,0.0
1450,228,348,0.0
1450,252,12,0.0
1450,252,36,0.0
1450,252,60,0.0
1450,252,84,0.0
1450,252,108,0.0
1450,252,132,0.0
1450,252,156,0.0
1450,252,180,0.0
1450,252,204,0.0
1450,252,228,0.0
1450,252,252,0.0
1450,252,276,0.0
1450,252,300,0.0
1450,252,324,0.0
1450,252,348,0.0
1450,276,12,0.0
1450,276,36,0.0
1450,276,60,0.0
1450,276,84,0.0
1450,276,108,0.0
1450,276,132,0.0
1450,276,156,0.0
1450,276,180,0.0
1450,276,204,0.0
1450,276,228,0.0
1450,276,252,0.0
1450,276,276,0.0
1450,276,300,0.0
1450,276,324,0.0
1450,276,348,0.0
1450,300,12,0.0
1450,300,36,0.0
1450,300,60,0.0
1450,300,84,0.0
1450,300,108,0.0
1450,300,132,0.0
1450,300,156,0.0
1450,300,180,0.0
1450,300,204,0.0
1450,300,228,0.0
1450,300,252,0.0
1450,300,276,0.0
1450,300,300,0.0
1450,300,324,0.0
1450,300,348,0.0
1450,324,12,0.0
1450,324,36,0.0
1450,324,60,0.0
1450,324,84,0.0
1450,324,108,0.0
1450,324,132,0.0
1450,324,156,0.0
1450,324,180,0.0
1450,324,204,0.0
1450,324,228,0.0
1450,324,252,0.0
1450,324,276,0.0
1450,324,300,0.0
1450,324,324,0.0
1450,324,348,0.0
1450,348,12,0.0
1450,348,36,0.0
1450,348,60,0.0
1450,348,84,0.0
1450,348,108,0.0
1450,348,132,0.0
1450,348,156,0.0
1450,348,180,0.0
1450,348,204,0.0
1450,348,228,0.0
1450,348,252,0.0
1450,348,276,0.0
1450,348,300,0.0
1450,348,324,0.0
1450,348,348,0.0
